problem planner-seedless path-length-numfin path-length-finmean python-totaltime-numfin python-totaltime-finmean
herbbin1nom familysc-ode-nrc-0.01,0.99,0 50 6.176257959834402 50 5.895597829818001
herbbin1nom familysc-ode-nrc-0.10,0.90,0 50 6.176257959834402 50 5.915671162606
herbbin1nom familysc-ode-nrc-0.20,0.80,0 50 6.176257959834402 50 5.996650967597604
herbbin1nom familysc-ode-nrc-0.30,0.70,0 50 6.176257959834402 50 5.943032398223401
herbbin1nom familysc-ode-nrc-0.40,0.60,0 50 6.176257959834402 50 5.9283389091492005
herbbin1nom familysc-ode-nrc-0.50,0.50,0 50 6.176257959834402 50 5.907729744909999
herbbin1nom familysc-ode-nrc-0.60,0.40,0 50 6.176257959834402 50 6.0391868543624
herbbin1nom familysc-ode-nrc-0.70,0.30,0 50 6.176257959834402 50 5.954150099755
herbbin1nom familysc-ode-nrc-0.80,0.20,0 50 6.176257959834402 50 6.1172852802273985
herbbin1nom familysc-ode-nrc-0.90,0.10,0 50 6.176257959834402 50 5.903527312278799
herbbin1nom familysc-ode-nrc-1.00,0.00,0 50 4.8068762365444 50 6.3371587228776
