problem planner-seedless path-length-numfin path-length-finmean python-totaltime-numfin python-totaltime-finmean
herbbin1nom familysc-fcl-nrc-0.01,0.99,0 50 6.176257959834402 50 5.486616468429398
herbbin1nom familysc-fcl-nrc-0.10,0.90,0 50 6.176257959834402 50 5.6857842969896
herbbin1nom familysc-fcl-nrc-0.20,0.80,0 50 6.176257959834402 50 5.5940707206722005
herbbin1nom familysc-fcl-nrc-0.30,0.70,0 50 6.176257959834402 50 5.735160083770198
herbbin1nom familysc-fcl-nrc-0.40,0.60,0 50 6.176257959834402 50 5.635992012024002
herbbin1nom familysc-fcl-nrc-0.50,0.50,0 50 6.176257959834402 50 5.7685931921005995
herbbin1nom familysc-fcl-nrc-0.60,0.40,0 50 6.176257959834402 50 5.5988456296924
herbbin1nom familysc-fcl-nrc-0.70,0.30,0 50 6.176257959834402 50 5.5778089427949995
herbbin1nom familysc-fcl-nrc-0.80,0.20,0 50 6.176257959834402 50 5.762735013961801
herbbin1nom familysc-fcl-nrc-0.90,0.10,0 50 6.176257959834402 50 5.5824741935732
herbbin1nom familysc-fcl-nrc-1.00,0.00,0 50 4.8068762365444 50 5.806883187294001
