problem planner-seedless path-length-numfin path-length-finmean python-totaltime-numfin python-totaltime-finmean
herbbookshelf1 familysc-fcl-wrc-0.01,0.99,0 50 14.005580320566605 50 5.243057789803919
herbbookshelf1 familysc-fcl-wrc-0.10,0.90,0 50 13.462744351446604 50 5.35705904960706
herbbookshelf1 familysc-fcl-wrc-0.20,0.80,0 50 13.468691605883004 50 5.292463445667801
herbbookshelf1 familysc-fcl-wrc-0.30,0.70,0 50 13.340623001022005 50 5.331565051079099
herbbookshelf1 familysc-fcl-wrc-0.40,0.60,0 50 14.244266569277805 50 5.31187107563092
herbbookshelf1 familysc-fcl-wrc-0.50,0.50,0 50 13.748836874974602 50 5.20349467277492
herbbookshelf1 familysc-fcl-wrc-0.60,0.40,0 50 13.789901033689002 50 5.160227150919
herbbookshelf1 familysc-fcl-wrc-0.70,0.30,0 50 13.6933116314384 50 5.014140338898479
herbbookshelf1 familysc-fcl-wrc-0.80,0.20,0 50 14.359830138383002 50 5.415616645812142
herbbookshelf1 familysc-fcl-wrc-0.90,0.10,0 50 13.481760808079603 50 5.1015418291103
herbbookshelf1 familysc-fcl-wrc-1.00,0.00,0 50 5.6873183475368 50 5.735647869111199
