problem planner-seedless path-length-numfin path-length-finmean python-totaltime-numfin python-totaltime-finmean
herbbookshelf1 familysc-ode-nrc-0.01,0.99,0 50 14.005580320566605 50 12.412980394360602
herbbookshelf1 familysc-ode-nrc-0.10,0.90,0 50 13.462744351446604 50 12.785134410857204
herbbookshelf1 familysc-ode-nrc-0.20,0.80,0 50 13.468691605883004 50 13.081791396142796
herbbookshelf1 familysc-ode-nrc-0.30,0.70,0 50 13.340623001022005 50 13.0864718818682
herbbookshelf1 familysc-ode-nrc-0.40,0.60,0 50 14.244266569277805 50 13.096672458651401
herbbookshelf1 familysc-ode-nrc-0.50,0.50,0 50 13.748836874974602 50 13.005754985811198
herbbookshelf1 familysc-ode-nrc-0.60,0.40,0 50 13.789901033689002 50 12.718788900371601
herbbookshelf1 familysc-ode-nrc-0.70,0.30,0 50 13.6933116314384 50 12.703450737000594
herbbookshelf1 familysc-ode-nrc-0.80,0.20,0 50 14.359830138383002 50 13.071209712029
herbbookshelf1 familysc-ode-nrc-0.90,0.10,0 50 13.481760808079603 50 12.728641681671599
herbbookshelf1 familysc-ode-nrc-1.00,0.00,0 50 5.6873183475368 50 13.441863398554998
