problem planner-seedless path-length-numfin path-length-finmean python-totaltime-numfin python-totaltime-finmean
herbbin2nom family-fcl-wrc-0.01,0.99,0 50 11.0354732607498 50 23.089218311310002
herbbin2nom family-fcl-wrc-0.10,0.90,0 50 11.0354732607498 50 23.048125419614
herbbin2nom family-fcl-wrc-0.20,0.80,0 50 11.0354732607498 50 23.108876795774005
herbbin2nom family-fcl-wrc-0.30,0.70,0 50 11.0354732607498 50 22.991787281040004
herbbin2nom family-fcl-wrc-0.40,0.60,0 50 11.0354732607498 50 23.243744335173986
herbbin2nom family-fcl-wrc-0.50,0.50,0 50 11.0354732607498 50 23.189402518266
herbbin2nom family-fcl-wrc-0.60,0.40,0 50 11.0354732607498 50 23.109070029262007
herbbin2nom family-fcl-wrc-0.70,0.30,0 50 11.0354732607498 50 22.846350560195997
herbbin2nom family-fcl-wrc-0.80,0.20,0 50 11.0354732607498 50 23.024898972515995
herbbin2nom family-fcl-wrc-0.90,0.10,0 50 11.0354732607498 50 22.864348125461994
herbbin2nom family-fcl-wrc-1.00,0.00,0 50 8.717898694657201 50 38.741745939258
