problem planner-seedless path-length-numfin path-length-finmean python-totaltime-numfin python-totaltime-finmean
herbbin2nom family-ode-nrc-0.01,0.99,0 50 11.0354732607498 50 5.967760095595599
herbbin2nom family-ode-nrc-0.10,0.90,0 50 11.0354732607498 50 5.855834240913
herbbin2nom family-ode-nrc-0.20,0.80,0 50 11.0354732607498 50 6.137516670227601
herbbin2nom family-ode-nrc-0.30,0.70,0 50 11.0354732607498 50 6.0713787508014
herbbin2nom family-ode-nrc-0.40,0.60,0 50 11.0354732607498 50 5.9913207149506
herbbin2nom family-ode-nrc-0.50,0.50,0 50 11.0354732607498 50 6.0613808107384015
herbbin2nom family-ode-nrc-0.60,0.40,0 50 11.0354732607498 50 6.0090722274774
herbbin2nom family-ode-nrc-0.70,0.30,0 50 11.0354732607498 50 6.107669587135203
herbbin2nom family-ode-nrc-0.80,0.20,0 50 11.0354732607498 50 6.0098323965072
herbbin2nom family-ode-nrc-0.90,0.10,0 50 11.0354732607498 50 5.971099748611598
herbbin2nom family-ode-nrc-1.00,0.00,0 50 8.717898694657201 50 6.389559025764802
