problem planner-seedless path-length-numfin path-length-finmean python-totaltime-numfin python-totaltime-finmean
herbbin2nom family-fcl-nrc-0.01,0.99,0 50 11.0354732607498 50 5.7687616825106
herbbin2nom family-fcl-nrc-0.10,0.90,0 50 11.0354732607498 50 5.776108293533599
herbbin2nom family-fcl-nrc-0.20,0.80,0 50 11.0354732607498 50 6.013602113724599
herbbin2nom family-fcl-nrc-0.30,0.70,0 50 11.0354732607498 50 5.8205109882356
herbbin2nom family-fcl-nrc-0.40,0.60,0 50 11.0354732607498 50 5.7857589435576005
herbbin2nom family-fcl-nrc-0.50,0.50,0 50 11.0354732607498 50 5.7558101177222
herbbin2nom family-fcl-nrc-0.60,0.40,0 50 11.0354732607498 50 5.772690963745
herbbin2nom family-fcl-nrc-0.70,0.30,0 50 11.0354732607498 50 5.813729939461
herbbin2nom family-fcl-nrc-0.80,0.20,0 50 11.0354732607498 50 5.9036011123658
herbbin2nom family-fcl-nrc-0.90,0.10,0 50 11.0354732607498 50 5.7543551921844
herbbin2nom family-fcl-nrc-1.00,0.00,0 50 8.717898694657201 50 6.369727926254398
