problem planner-seedless path-length-numfin path-length-finmean python-totaltime-numfin python-totaltime-finmean
herbbookshelf1 family-ode-nrc-0.01,0.99,0 50 12.747069576510405 50 13.1195499992374
herbbookshelf1 family-ode-nrc-0.10,0.90,0 50 12.747069576510405 50 13.4140918350202
herbbookshelf1 family-ode-nrc-0.20,0.80,0 50 12.747069576510405 50 13.423541941644
herbbookshelf1 family-ode-nrc-0.30,0.70,0 50 12.747069576510405 50 13.956499433520605
herbbookshelf1 family-ode-nrc-0.40,0.60,0 50 12.747069576510405 50 13.880398330691202
herbbookshelf1 family-ode-nrc-0.50,0.50,0 50 12.747069576510405 50 14.015569419858194
herbbookshelf1 family-ode-nrc-0.60,0.40,0 50 12.747069576510405 50 13.833949670789599
herbbookshelf1 family-ode-nrc-0.70,0.30,0 50 12.747069576510405 50 13.946439185137798
herbbookshelf1 family-ode-nrc-0.80,0.20,0 50 12.747069576510405 50 13.723940787318796
herbbookshelf1 family-ode-nrc-0.90,0.10,0 50 12.747069576510405 50 13.604432764053398
herbbookshelf1 family-ode-nrc-1.00,0.00,0 50 5.6873183475368 50 14.217663397790805
