problem planner-seedless path-length-numfin path-length-finmean python-totaltime-numfin python-totaltime-finmean
herbbookshelf0 lemur-ode-wrc-0.01,0.99,0 50 7.526629325545997 50 10.656995844841399
herbbookshelf0 lemur-ode-wrc-0.10,0.90,0 50 6.0741954168077985 50 13.308864521981599
herbbookshelf0 lemur-ode-wrc-0.20,0.80,0 50 5.501279034067799 50 14.563013277054406
herbbookshelf0 lemur-ode-wrc-0.30,0.70,0 50 5.407270825993399 50 17.9987614345578
herbbookshelf0 lemur-ode-wrc-0.40,0.60,0 50 5.241623641931 50 21.146897673612806
herbbookshelf0 lemur-ode-wrc-0.50,0.50,0 50 5.232789794167399 50 22.503476657870596
herbbookshelf0 lemur-ode-wrc-0.60,0.40,0 50 5.211700502052999 50 24.542410674095002
herbbookshelf0 lemur-ode-wrc-0.70,0.30,0 50 5.182298099069999 50 26.559682302471796
herbbookshelf0 lemur-ode-wrc-0.80,0.20,0 50 5.176253473519399 50 27.074885840410797
herbbookshelf0 lemur-ode-wrc-0.90,0.10,0 50 5.176253473519399 50 28.055264787678006
herbbookshelf0 lemur-ode-wrc-1.00,0.00,0 50 5.1751993239758 50 28.425431432718
