problem planner-seedless path-length-numfin path-length-finmean python-totaltime-numfin python-totaltime-finmean
herbbin2nom familysc-ode-nrc-0.01,0.99,0 50 11.256850388450799 50 5.6717487716676
herbbin2nom familysc-ode-nrc-0.10,0.90,0 50 11.256850388450799 50 5.877671566010202
herbbin2nom familysc-ode-nrc-0.20,0.80,0 50 11.256850388450799 50 5.8037061405188
herbbin2nom familysc-ode-nrc-0.30,0.70,0 50 11.256850388450799 50 5.809269299507602
herbbin2nom familysc-ode-nrc-0.40,0.60,0 50 11.256850388450799 50 5.7486956501002
herbbin2nom familysc-ode-nrc-0.50,0.50,0 50 11.256850388450799 50 5.790886678696202
herbbin2nom familysc-ode-nrc-0.60,0.40,0 50 11.256850388450799 50 5.834270997046802
herbbin2nom familysc-ode-nrc-0.70,0.30,0 50 11.256850388450799 50 5.737605257033998
herbbin2nom familysc-ode-nrc-0.80,0.20,0 50 11.256850388450799 50 5.648114213943601
herbbin2nom familysc-ode-nrc-0.90,0.10,0 50 11.256850388450799 50 5.822015476227201
herbbin2nom familysc-ode-nrc-1.00,0.00,0 50 8.717898694657201 50 6.285351624488801
