problem planner-seedless path-length-numfin path-length-finmean python-totaltime-numfin python-totaltime-finmean
herbbookshelf1 familysc-fcl-nrc-0.01,0.99,0 50 14.005580320566605 50 12.966780304907202
herbbookshelf1 familysc-fcl-nrc-0.10,0.90,0 50 13.462744351446604 50 13.145506954192802
herbbookshelf1 familysc-fcl-nrc-0.20,0.80,0 50 13.468691605883004 50 13.392503995895
herbbookshelf1 familysc-fcl-nrc-0.30,0.70,0 50 13.340623001022005 50 13.617680654526202
herbbookshelf1 familysc-fcl-nrc-0.40,0.60,0 50 14.244266569277805 50 13.637494249343602
herbbookshelf1 familysc-fcl-nrc-0.50,0.50,0 50 13.748836874974602 50 13.4919411754616
herbbookshelf1 familysc-fcl-nrc-0.60,0.40,0 50 13.789901033689002 50 13.613722600939605
herbbookshelf1 familysc-fcl-nrc-0.70,0.30,0 50 13.6933116314384 50 13.37481605053
herbbookshelf1 familysc-fcl-nrc-0.80,0.20,0 50 14.359830138383002 50 13.856448507310004
herbbookshelf1 familysc-fcl-nrc-0.90,0.10,0 50 13.481760808079603 50 13.635029945372999
herbbookshelf1 familysc-fcl-nrc-1.00,0.00,0 50 5.6873183475368 50 14.3100892448482
