problem planner-seedless path-length-numfin path-length-finmean python-totaltime-numfin python-totaltime-finmean
herbbookshelf1 family-fcl-wrc-0.01,0.99,0 50 12.747069576510405 50 6.08827320099032
herbbookshelf1 family-fcl-wrc-0.10,0.90,0 50 12.747069576510405 50 6.105233345033582
herbbookshelf1 family-fcl-wrc-0.20,0.80,0 50 12.747069576510405 50 6.014810247421221
herbbookshelf1 family-fcl-wrc-0.30,0.70,0 50 12.747069576510405 50 6.060581302640957
herbbookshelf1 family-fcl-wrc-0.40,0.60,0 50 12.747069576510405 50 6.0222870683681196
herbbookshelf1 family-fcl-wrc-0.50,0.50,0 50 12.747069576510405 50 5.986037478445919
herbbookshelf1 family-fcl-wrc-0.60,0.40,0 50 12.747069576510405 50 6.050625576973459
herbbookshelf1 family-fcl-wrc-0.70,0.30,0 50 12.747069576510405 50 6.05507447719418
herbbookshelf1 family-fcl-wrc-0.80,0.20,0 50 12.747069576510405 50 6.001326594351979
herbbookshelf1 family-fcl-wrc-0.90,0.10,0 50 12.747069576510405 50 5.944352769850301
herbbookshelf1 family-fcl-wrc-1.00,0.00,0 50 5.6873183475368 50 6.389746384619202
