problem planner-seedless path-length-numfin path-length-finmean python-totaltime-numfin python-totaltime-finmean
herbbin2nom familysc-fcl-nrc-0.01,0.99,0 50 11.256850388450799 50 5.917473416328801
herbbin2nom familysc-fcl-nrc-0.10,0.90,0 50 11.256850388450799 50 5.853655653
herbbin2nom familysc-fcl-nrc-0.20,0.80,0 50 11.256850388450799 50 5.981558775901001
herbbin2nom familysc-fcl-nrc-0.30,0.70,0 50 11.256850388450799 50 5.980658602715401
herbbin2nom familysc-fcl-nrc-0.40,0.60,0 50 11.256850388450799 50 5.956254153251199
herbbin2nom familysc-fcl-nrc-0.50,0.50,0 50 11.256850388450799 50 5.878889398574601
herbbin2nom familysc-fcl-nrc-0.60,0.40,0 50 11.256850388450799 50 6.032162652015001
herbbin2nom familysc-fcl-nrc-0.70,0.30,0 50 11.256850388450799 50 5.858684654236198
herbbin2nom familysc-fcl-nrc-0.80,0.20,0 50 11.256850388450799 50 5.9204215526584
herbbin2nom familysc-fcl-nrc-0.90,0.10,0 50 11.256850388450799 50 6.013356499671399
herbbin2nom familysc-fcl-nrc-1.00,0.00,0 50 8.717898694657201 50 6.452864580155399
