problem planner-seedless path-length-numfin path-length-finmean python-totaltime-numfin python-totaltime-finmean
herbbookshelf0 lemur-fcl-wrc-0.01,0.99,0 50 7.526629325545997 50 6.4467253780366
herbbookshelf0 lemur-fcl-wrc-0.10,0.90,0 50 6.0741954168077985 50 7.871447987558801
herbbookshelf0 lemur-fcl-wrc-0.20,0.80,0 50 5.501279034067799 50 8.471683135032201
herbbookshelf0 lemur-fcl-wrc-0.30,0.70,0 50 5.407270825993399 50 10.482007741926003
herbbookshelf0 lemur-fcl-wrc-0.40,0.60,0 50 5.241623641931 50 11.908818130493803
herbbookshelf0 lemur-fcl-wrc-0.50,0.50,0 50 5.232789794167399 50 13.017928729057797
herbbookshelf0 lemur-fcl-wrc-0.60,0.40,0 50 5.211700502052999 50 13.733105921746201
herbbookshelf0 lemur-fcl-wrc-0.70,0.30,0 50 5.182298099069999 50 14.708293523783196
herbbookshelf0 lemur-fcl-wrc-0.80,0.20,0 50 5.176253473519399 50 15.320984797475804
herbbookshelf0 lemur-fcl-wrc-0.90,0.10,0 50 5.176253473519399 50 15.885231328008201
herbbookshelf0 lemur-fcl-wrc-1.00,0.00,0 50 5.1751993239758 50 15.840954442019004
