problem planner-seedless path-length-numfin path-length-finmean python-totaltime-numfin python-totaltime-finmean
herbbookshelf1 lemur-fcl-nrc-0.01,0.99,0 50 8.8098824404042 50 40.28675450324
herbbookshelf1 lemur-fcl-nrc-0.10,0.90,0 50 6.058038517928601 50 36.065623703015405
herbbookshelf1 lemur-fcl-nrc-0.20,0.80,0 50 5.852017053219201 50 34.8536550665086
herbbookshelf1 lemur-fcl-nrc-0.30,0.70,0 50 5.7973232906972 50 35.8325439167046
herbbookshelf1 lemur-fcl-nrc-0.40,0.60,0 50 5.768731134364998 50 38.62088951588599
herbbookshelf1 lemur-fcl-nrc-0.50,0.50,0 50 5.716488946734399 50 39.25029773237799
herbbookshelf1 lemur-fcl-nrc-0.60,0.40,0 50 5.704723867297 50 38.997909030916006
herbbookshelf1 lemur-fcl-nrc-0.70,0.30,0 50 5.694309712931799 50 39.67145099638599
herbbookshelf1 lemur-fcl-nrc-0.80,0.20,0 50 5.692337552696399 50 39.914018535606004
herbbookshelf1 lemur-fcl-nrc-0.90,0.10,0 50 5.688115200800399 50 40.91643991948401
herbbookshelf1 lemur-fcl-nrc-1.00,0.00,0 50 5.6873183475368 50 40.722917728405996
