problem planner-seedless path-length-numfin path-length-finmean python-totaltime-numfin python-totaltime-finmean
herbbookshelf2 family-ode-wrc-0.01,0.99,0 50 18.740699482340997 50 4.285696558952922
herbbookshelf2 family-ode-wrc-0.10,0.90,0 50 18.740699482340997 50 4.4343066215531
herbbookshelf2 family-ode-wrc-0.20,0.80,0 50 18.740699482340997 50 4.4510513019548394
herbbookshelf2 family-ode-wrc-0.30,0.70,0 50 18.740699482340997 50 4.3770028448097404
herbbookshelf2 family-ode-wrc-0.40,0.60,0 50 18.740699482340997 50 4.379349160193519
herbbookshelf2 family-ode-wrc-0.50,0.50,0 50 18.740699482340997 50 4.336399211883121
herbbookshelf2 family-ode-wrc-0.60,0.40,0 50 18.740699482340997 50 4.433766703603641
herbbookshelf2 family-ode-wrc-0.70,0.30,0 50 18.740699482340997 50 4.33110603332472
herbbookshelf2 family-ode-wrc-0.80,0.20,0 50 18.740699482340997 50 4.3117596817020605
herbbookshelf2 family-ode-wrc-0.90,0.10,0 50 18.740699482340997 50 4.26694605350314
herbbookshelf2 family-ode-wrc-1.00,0.00,0 50 6.686336872627801 50 7.524650011062656
