problem planner-seedless path-length-numfin path-length-finmean python-totaltime-numfin python-totaltime-finmean
herbbookshelf2 family-fcl-wrc-0.01,0.99,0 50 18.740699482340997 50 4.479497561453419
herbbookshelf2 family-fcl-wrc-0.10,0.90,0 50 18.740699482340997 50 4.42381134509724
herbbookshelf2 family-fcl-wrc-0.20,0.80,0 50 18.740699482340997 50 4.435891294478781
herbbookshelf2 family-fcl-wrc-0.30,0.70,0 50 18.740699482340997 50 4.40102380275594
herbbookshelf2 family-fcl-wrc-0.40,0.60,0 50 18.740699482340997 50 4.440055050852703
herbbookshelf2 family-fcl-wrc-0.50,0.50,0 50 18.740699482340997 50 4.392382144928919
herbbookshelf2 family-fcl-wrc-0.60,0.40,0 50 18.740699482340997 50 4.441608939169302
herbbookshelf2 family-fcl-wrc-0.70,0.30,0 50 18.740699482340997 50 4.330629220007899
herbbookshelf2 family-fcl-wrc-0.80,0.20,0 50 18.740699482340997 50 4.381370878218979
herbbookshelf2 family-fcl-wrc-0.90,0.10,0 50 18.740699482340997 50 4.27878056526158
herbbookshelf2 family-fcl-wrc-1.00,0.00,0 50 6.686336872627801 50 7.60528444290184
