problem planner-seedless path-length-numfin path-length-finmean python-totaltime-numfin python-totaltime-finmean
herbbookshelf2 lemur-fcl-nrc-0.01,0.99,0 50 13.505764944183001 50 32.604484519951995
herbbookshelf2 lemur-fcl-nrc-0.10,0.90,0 50 8.2124121775644 50 35.226788916583
herbbookshelf2 lemur-fcl-nrc-0.20,0.80,0 50 7.269273006219001 50 37.80515639304601
herbbookshelf2 lemur-fcl-nrc-0.30,0.70,0 50 6.894485120986002 50 39.441591563228194
herbbookshelf2 lemur-fcl-nrc-0.40,0.60,0 50 6.781616754287001 50 40.56244034766399
herbbookshelf2 lemur-fcl-nrc-0.50,0.50,0 50 6.716104075113202 50 44.466158533094
herbbookshelf2 lemur-fcl-nrc-0.60,0.40,0 50 6.7026965912624 50 49.775604763038
herbbookshelf2 lemur-fcl-nrc-0.70,0.30,0 50 6.6918146945804 50 51.357237834946
herbbookshelf2 lemur-fcl-nrc-0.80,0.20,0 50 6.693944649950002 50 54.316753759391986
herbbookshelf2 lemur-fcl-nrc-0.90,0.10,0 50 6.688558254451401 50 56.000473275223996
herbbookshelf2 lemur-fcl-nrc-1.00,0.00,0 50 6.686336872627801 50 58.11459726814259
