problem planner-seedless path-length-numfin path-length-finmean python-totaltime-numfin python-totaltime-finmean
herbbookshelf1nom family-ode-wrc-0.01,0.99,0 50 17.061316556227197 50 8.305279273984
herbbookshelf1nom family-ode-wrc-0.10,0.90,0 50 17.061316556227197 50 8.244877195360203
herbbookshelf1nom family-ode-wrc-0.20,0.80,0 50 17.061316556227197 50 8.2990811252556
herbbookshelf1nom family-ode-wrc-0.30,0.70,0 50 17.061316556227197 50 8.330834617617999
herbbookshelf1nom family-ode-wrc-0.40,0.60,0 50 17.061316556227197 50 8.442751398087902
herbbookshelf1nom family-ode-wrc-0.50,0.50,0 50 17.061316556227197 50 8.305771937372999
herbbookshelf1nom family-ode-wrc-0.60,0.40,0 50 17.061316556227197 50 8.226515927315003
herbbookshelf1nom family-ode-wrc-0.70,0.30,0 50 17.061316556227197 50 8.332294669154997
herbbookshelf1nom family-ode-wrc-0.80,0.20,0 50 17.061316556227197 50 8.234100661275637
herbbookshelf1nom family-ode-wrc-0.90,0.10,0 50 17.061316556227197 50 8.172818794249057
herbbookshelf1nom family-ode-wrc-1.00,0.00,0 50 7.585320736848399 50 16.089516777993403
