problem planner-seedless path-length-numfin path-length-finmean python-totaltime-numfin python-totaltime-finmean
herbbookshelf2 lemur-ode-nrc-0.01,0.99,0 50 13.505764944183001 50 32.46149501324919
herbbookshelf2 lemur-ode-nrc-0.10,0.90,0 50 8.2124121775644 50 35.12664156913801
herbbookshelf2 lemur-ode-nrc-0.20,0.80,0 50 7.269273006219001 50 37.74441102981
herbbookshelf2 lemur-ode-nrc-0.30,0.70,0 50 6.894485120986002 50 39.114566726682
herbbookshelf2 lemur-ode-nrc-0.40,0.60,0 50 6.781616754287001 50 40.50152256965999
herbbookshelf2 lemur-ode-nrc-0.50,0.50,0 50 6.716104075113202 50 44.31266457081399
herbbookshelf2 lemur-ode-nrc-0.60,0.40,0 50 6.7026965912624 50 49.65926482677579
herbbookshelf2 lemur-ode-nrc-0.70,0.30,0 50 6.6918146945804 50 51.78876660346801
herbbookshelf2 lemur-ode-nrc-0.80,0.20,0 50 6.693944649950002 50 54.30448031428799
herbbookshelf2 lemur-ode-nrc-0.90,0.10,0 50 6.688558254451401 50 56.186253657332216
herbbookshelf2 lemur-ode-nrc-1.00,0.00,0 50 6.686336872627801 50 58.330927643776384
