problem planner-seedless path-length-numfin path-length-finmean python-totaltime-numfin python-totaltime-finmean
herbbookshelf2 family-fcl-nrc-0.01,0.99,0 50 18.740699482340997 50 9.135228967664203
herbbookshelf2 family-fcl-nrc-0.10,0.90,0 50 18.740699482340997 50 9.007032070155802
herbbookshelf2 family-fcl-nrc-0.20,0.80,0 50 18.740699482340997 50 8.8982501792918
herbbookshelf2 family-fcl-nrc-0.30,0.70,0 50 18.740699482340997 50 8.950406308176198
herbbookshelf2 family-fcl-nrc-0.40,0.60,0 50 18.740699482340997 50 9.177164292338002
herbbookshelf2 family-fcl-nrc-0.50,0.50,0 50 18.740699482340997 50 9.110098915098598
herbbookshelf2 family-fcl-nrc-0.60,0.40,0 50 18.740699482340997 50 9.0046032524126
herbbookshelf2 family-fcl-nrc-0.70,0.30,0 50 18.740699482340997 50 8.8633164596534
herbbookshelf2 family-fcl-nrc-0.80,0.20,0 50 18.740699482340997 50 8.984586672786401
herbbookshelf2 family-fcl-nrc-0.90,0.10,0 50 18.740699482340997 50 8.943842911720402
herbbookshelf2 family-fcl-nrc-1.00,0.00,0 50 6.686336872627801 50 12.217371706961003
