lambda-u utility-finmean utility-stderrfinmean best-param best-planner
0.0 4.8068762365444 0.06673334444635606 0.0 e8-haltonoffdens10000,2.0-1.00,0.00,0
0.1 4.505702341766234 0.0705796327804381 0.1 e8-haltonoffdens10000,2.0-0.90,0.10,0
0.2 4.198868289016216 0.0734585184313393 0.2 e8-haltonoffdens10000,2.0-0.80,0.20,0
0.3 3.8907383535608857 0.08268587249416387 0.3 e8-haltonoffdens10000,2.0-0.70,0.30,0
0.4 3.5595851386223996 0.08181408140190204 0.4 e8-haltonoffdens10000,2.0-0.60,0.40,0
0.5 3.2318631229408807 0.07917055737208865 0.5 e8-haltonoffdens10000,2.0-0.50,0.50,0
0.6 2.922154663668563 0.08169302994054474 0.6 e8-haltonoffdens10000,2.0-0.40,0.60,0
0.7 2.520635802543629 0.07713524395751313 0.7 e8-haltonoffdens10000,2.0-0.30,0.70,0
0.8 2.207117108852657 0.07743645765876916 0.8 e8-haltonoffdens10000,2.0-0.20,0.80,0
0.9 1.7430433662048341 0.05966527275598863 0.9 e8-haltonoffdens10000,2.0-0.10,0.90,0
1.0 1.44172625541718 0.07366830025036096 0.99 e8-haltonoffdens10000,2.0-0.01,0.99,0
