lambda-u utility-finmean utility-stderrfinmean best-param best-planner
0.0 5.1659529993642 0.13619866537235767 0.0 e8-haltonoffdens10000,2.0-1.00,0.00,0
0.1 4.811869425985363 0.13780140407770342 0.1 e8-haltonoffdens10000,2.0-0.90,0.10,0
0.2 4.442197256912012 0.13744886401953063 0.2 e8-haltonoffdens10000,2.0-0.80,0.20,0
0.3 4.068454441370834 0.13204187479856822 0.3 e8-haltonoffdens10000,2.0-0.70,0.30,0
0.4 3.687113763177105 0.13302651511527436 0.4 e8-haltonoffdens10000,2.0-0.60,0.40,0
0.5 3.2738236674980197 0.12370581761600916 0.5 e8-haltonoffdens10000,2.0-0.50,0.50,0
0.6 2.9468098653882766 0.12620205539353574 0.6 e8-haltonoffdens10000,2.0-0.40,0.60,0
0.7 2.5237519651548475 0.11163717334431768 0.7 e8-haltonoffdens10000,2.0-0.30,0.70,0
0.8 2.1078074765382406 0.10549554330268832 0.8 e8-haltonoffdens10000,2.0-0.20,0.80,0
0.9 1.6733032362336617 0.08412127536156463 0.9 e8-haltonoffdens10000,2.0-0.10,0.90,0
1.0 1.1908403396608396 0.08240707082043972 0.99 e8-haltonoffdens10000,2.0-0.01,0.99,0
