lambda-u utility-finmean utility-stderrfinmean best-param best-planner
0.0 7.572108322581598 0.3171896189179504 0.0 e8-nchaltonoffdens10000,2.0-1.00,0.00,0
0.1 11.599625940181294 0.8253946536499229 0.1 e8-nchaltonoffdens10000,2.0-0.90,0.10,0
0.2 15.22192116967436 1.4025754563377086 0.2 e8-nchaltonoffdens10000,2.0-0.80,0.20,0
0.3 18.61401095395256 1.9912734542834796 0.3 e8-nchaltonoffdens10000,2.0-0.70,0.30,0
0.4 21.840937546780477 2.5524709166465978 0.4 e8-nchaltonoffdens10000,2.0-0.60,0.40,0
0.5 24.4248222773489 2.9665656255798347 0.5 e8-nchaltonoffdens10000,2.0-0.50,0.50,0
0.6 27.252503411084568 3.5234102678564754 0.6 e8-nchaltonoffdens10000,2.0-0.40,0.60,0
0.7 29.091993736952237 3.8148938634702088 0.7 e8-nchaltonoffdens10000,2.0-0.30,0.70,0
0.8 29.265197119882963 4.005714772115992 0.8 e8-nchaltonoffdens10000,2.0-0.20,0.80,0
0.9 30.78317737143336 4.339983714813564 0.9 e8-nchaltonoffdens10000,2.0-0.10,0.90,0
1.0 30.9231906318692 4.3866350761440716 0.99 e8-nchaltonoffdens10000,2.0-0.01,0.99,0
