lambda-u utility-finmean utility-stderrfinmean best-param best-planner
0.0 6.163987579377999 0.11851115780876498 0.0 e8-nchaltonoffdens10000,2.0-1.00,0.00,0
0.1 6.215430776676979 0.12069486514722848 0.1 e8-nchaltonoffdens10000,2.0-0.90,0.10,0
0.2 6.2325458523466 0.12420215501008372 0.2 e8-nchaltonoffdens10000,2.0-0.80,0.20,0
0.3 6.314746989511498 0.1263380111740479 0.3 e8-nchaltonoffdens10000,2.0-0.70,0.30,0
0.4 6.29444406878032 0.12709003816730371 0.4 e8-nchaltonoffdens10000,2.0-0.60,0.40,0
0.5 6.304635577505998 0.14571414725709977 0.5 e8-nchaltonoffdens10000,2.0-0.50,0.50,0
0.6 6.33951285225336 0.152717740369908 0.6 e8-nchaltonoffdens10000,2.0-0.40,0.60,0
0.7 6.2430944643777195 0.15532782255950436 0.7 e8-nchaltonoffdens10000,2.0-0.30,0.70,0
0.8 6.123364400594442 0.13069005386864252 0.8 e8-nchaltonoffdens10000,2.0-0.20,0.80,0
0.9 6.0395010781181 0.12302886098563179 0.9 e8-nchaltonoffdens10000,2.0-0.10,0.90,0
1.0 5.761373190879802 0.12630828299487393 0.99 e8-nchaltonoffdens10000,2.0-0.01,0.99,0
