lambda-u utility-finmean utility-stderrfinmean best-param best-planner
0.0 5.6873183475368 0.2083709517651719 0.0 e8-nchaltonoffdens10000,2.0-1.00,0.00,0
0.1 6.7406560066362395 0.33882585102340296 0.1 e8-nchaltonoffdens10000,2.0-0.90,0.10,0
0.2 7.777567912974839 0.5135265068628827 0.2 e8-nchaltonoffdens10000,2.0-0.80,0.20,0
0.3 8.774140198995878 0.6949614991529617 0.3 e8-nchaltonoffdens10000,2.0-0.70,0.30,0
0.4 9.907630008898202 0.9375177175529126 0.4 e8-nchaltonoffdens10000,2.0-0.60,0.40,0
0.5 10.561265129123399 1.0760284342638504 0.5 e8-nchaltonoffdens10000,2.0-0.50,0.50,0
0.6 11.388805275332157 1.3010942751550494 0.6 e8-nchaltonoffdens10000,2.0-0.40,0.60,0
0.7 11.811108695802774 1.4333539017414243 0.7 e8-nchaltonoffdens10000,2.0-0.30,0.70,0
0.8 12.845524805479679 1.7191917355899557 0.8 e8-nchaltonoffdens10000,2.0-0.20,0.80,0
0.9 13.372176286017 1.945942481023399 0.9 e8-nchaltonoffdens10000,2.0-0.10,0.90,0
1.0 15.128836569785603 2.3993330599488356 0.99 e8-nchaltonoffdens10000,2.0-0.01,0.99,0
