lambda-u utility-finmean utility-stderrfinmean best-param best-planner
0.0 4.8068762365444 0.06673334444635606 0.0 e8-nchaltonoffdens10000,2.0-1.00,0.00,0
0.1 4.927669479579859 0.07137427864769819 0.1 e8-nchaltonoffdens10000,2.0-0.90,0.10,0
0.2 4.997541707061161 0.07593184311956631 0.2 e8-nchaltonoffdens10000,2.0-0.80,0.20,0
0.3 5.136597739051419 0.09023381733365467 0.3 e8-nchaltonoffdens10000,2.0-0.70,0.30,0
0.4 5.238777822796159 0.08160304564934566 0.4 e8-nchaltonoffdens10000,2.0-0.60,0.40,0
0.5 5.2041659030926 0.09085757294122832 0.5 e8-nchaltonoffdens10000,2.0-0.50,0.50,0
0.6 5.3426488720044 0.08532577386854512 0.6 e8-nchaltonoffdens10000,2.0-0.40,0.60,0
0.7 5.3048588226205196 0.0774085748244513 0.7 e8-nchaltonoffdens10000,2.0-0.30,0.70,0
0.8 5.489044797451758 0.10291727188607264 0.8 e8-nchaltonoffdens10000,2.0-0.20,0.80,0
0.9 5.489660309564922 0.09522695077764366 0.9 e8-nchaltonoffdens10000,2.0-0.10,0.90,0
1.0 5.3608962154386 0.1015538237179237 0.99 e8-nchaltonoffdens10000,2.0-0.01,0.99,0
