0 0
5 5
10 10
15 15
20 20
25 25
30 30
35 35
40 40
45 45
50 50
55 55
60 60
65 65
70 70
75 75
80 80
85 85
90 90
95 95
100 99
105 104
110 109
115 114
120 119
125 124
130 129
135 134
140 138
145 143
150 148
155 153
160 158
165 163
170 168
175 173
180 176
185 181
190 186
195 191
200 196
205 201
210 204
215 208
220 213
225 216
230 221
235 226
240 231
245 236
250 241
255 245
260 249
265 254
270 259
275 261
280 266
285 271
290 276
295 280
300 285
305 290
310 295
315 300
320 304
325 309
330 313
335 317
340 322
345 327
350 332
355 337
360 340
365 343
370 348
375 351
380 356
385 361
390 365
395 370
400 375
405 380
410 385
415 390
420 395
425 400
430 404
435 409
440 412
445 417
450 422
455 427
460 432
465 437
470 441
475 445
480 448
485 451
490 455
495 460
500 465
505 469
510 474
515 479
520 483
525 488
530 493
535 498
540 503
545 506
550 511
555 516
560 520
565 525
570 530
575 535
580 540
585 545
590 550
595 555
600 560
605 565
610 570
615 575
620 580
625 585
630 590
635 595
640 599
645 604
650 609
655 614
660 619
665 624
670 629
675 634
680 639
685 643
690 647
695 650
700 653
705 657
710 662
715 667
720 672
725 677
730 682
735 687
740 691
745 696
750 701
755 706
760 710
765 715
770 720
775 723
780 728
785 733
790 738
795 743
800 748
805 753
810 757
815 762
820 766
825 770
830 774
835 779
840 784
845 787
850 792
855 797
860 799
865 804
870 809
875 814
880 819
885 824
890 828
895 833
900 838
905 843
910 848
915 853
920 858
925 863
930 866
935 869
940 874
945 878
950 883
955 888
960 893
965 898
970 902
975 907
980 911
985 916
990 921
995 926
1000 931
1005 936
1010 940
1015 945
1020 950
1025 954
1030 959
1035 964
1040 969
1045 974
1050 979
1055 984
1060 989
1065 994
1070 999
1075 1004
1080 1009
1085 1014
1090 1019
1095 1024
1100 1029
1105 1033
1110 1037
1115 1042
1120 1047
1125 1052
1130 1056
1135 1060
1140 1064
1145 1069
1150 1074
1155 1077
1160 1080
1165 1084
1170 1089
1175 1094
1180 1097
1185 1100
1190 1105
1195 1110
1200 1115
1205 1120
1210 1124
1215 1128
1220 1133
1225 1137
1230 1142
1235 1147
1240 1152
1245 1157
1250 1160
1255 1165
1260 1169
1265 1174
1270 1179
1275 1184
1280 1187
1285 1190
1290 1195
1295 1200
1300 1205
1305 1210
1310 1215
1315 1220
1320 1225
1325 1230
1330 1233
1335 1238
1340 1243
1345 1248
1350 1253
1355 1258
1360 1263
1365 1267
1370 1271
1375 1276
1380 1281
1385 1286
1390 1291
1395 1296
1400 1299
1405 1303
1410 1308
1415 1313
1420 1318
1425 1323
1430 1327
1435 1332
1440 1335
1445 1339
1450 1342
1455 1347
1460 1352
1465 1357
1470 1362
1475 1367
1480 1372
1485 1375
1490 1379
1495 1383
1500 1388
1505 1393
1510 1398
1515 1403
1520 1408
1525 1409
1530 1411
1535 1416
1540 1421
1545 1426
1550 1431
1555 1436
1560 1440
1565 1445
1570 1448
1575 1450
1580 1455
1585 1459
1590 1463
1595 1468
1600 1472
1605 1476
1610 1480
1615 1485
1620 1489
1625 1494
1630 1499
1635 1504
1640 1509
1645 1514
1650 1519
1655 1524
1660 1528
1665 1531
1670 1535
1675 1539
1680 1543
1685 1548
1690 1551
1695 1556
1700 1561
1705 1566
1710 1571
1715 1576
1720 1581
1725 1586
1730 1590
1735 1595
1740 1598
1745 1603
1750 1606
1755 1610
1760 1615
1765 1620
1770 1625
1775 1630
1780 1635
1785 1640
1790 1645
1795 1650
1800 1655
1805 1659
1810 1663
1815 1666
1820 1671
1825 1676
1830 1681
1835 1686
1840 1690
1845 1695
1850 1700
1855 1705
1860 1710
1865 1715
1870 1720
1875 1725
1880 1730
1885 1735
1890 1738
1895 1742
1900 1747
1905 1752
1910 1757
1915 1762
1920 1767
1925 1769
1930 1774
1935 1779
1940 1784
1945 1789
1950 1794
1955 1799
1960 1804
1965 1809
1970 1814
1975 1819
1980 1824
1985 1829
1990 1834
1995 1839
2000 1844
2005 1849
2010 1854
2015 1859
2020 1864
2025 1867
2030 1872
2035 1877
2040 1882
2045 1887
2050 1889
2055 1893
2060 1896
2065 1900
2070 1904
2075 1908
2080 1913
2085 1918
2090 1923
2095 1927
2100 1932
2105 1934
2110 1939
2115 1943
2120 1946
2125 1951
2130 1956
2135 1961
2140 1966
2145 1970
2150 1975
2155 1980
2160 1985
2165 1990
2170 1995
2175 2000
2180 2004
2185 2009
2190 2013
2195 2015
2200 2019
2205 2024
2210 2029
2215 2034
2220 2037
2225 2040
2230 2042
2235 2046
2240 2051
2245 2056
2250 2061
2255 2066
2260 2069
2265 2073
2270 2078
2275 2083
2280 2088
2285 2093
2290 2098
2295 2101
2300 2106
2305 2111
2310 2116
2315 2118
2320 2122
2325 2127
2330 2132
2335 2137
2340 2142
2345 2147
2350 2152
2355 2157
2360 2162
2365 2167
2370 2172
2375 2177
2380 2181
2385 2185
2390 2190
2395 2195
2400 2200
2405 2205
2410 2207
2415 2211
2420 2216
2425 2221
2430 2226
2435 2231
2440 2234
2445 2237
2450 2240
2455 2242
2460 2247
2465 2252
2470 2256
2475 2259
2480 2263
2485 2267
2490 2272
2495 2277
2500 2282
2505 2287
2510 2292
2515 2297
2520 2302
2525 2307
2530 2312
2535 2317
2540 2322
2545 2327
2550 2331
2555 2336
2560 2340
2565 2344
2570 2349
2575 2352
2580 2356
2585 2361
2590 2365
2595 2369
2600 2373
2605 2377
2610 2382
2615 2386
2620 2391
2625 2396
2630 2401
2635 2406
2640 2411
2645 2416
2650 2420
2655 2424
2660 2429
2665 2434
2670 2439
2675 2441
2680 2445
2685 2450
2690 2455
2695 2460
2700 2465
2705 2470
2710 2475
2715 2480
2720 2485
2725 2490
2730 2495
2735 2500
2740 2505
2745 2510
2750 2515
2755 2519
2760 2521
2765 2526
2770 2531
2775 2536
2780 2541
2785 2546
2790 2551
2795 2554
2800 2559
2805 2564
2810 2569
2815 2572
2820 2577
2825 2582
2830 2587
2835 2592
2840 2597
2845 2602
2850 2607
2855 2611
2860 2616
2865 2621
2870 2624
2875 2627
2880 2631
2885 2636
2890 2641
2895 2646
2900 2651
2905 2656
2910 2661
2915 2666
2920 2671
2925 2676
2930 2681
2935 2685
2940 2690
2945 2695
2950 2700
2955 2705
2960 2709
2965 2714
2970 2717
2975 2718
2980 2723
2985 2728
2990 2733
2995 2738
3000 2743
3005 2748
3010 2753
3015 2758
3020 2763
3025 2768
3030 2772
3035 2777
3040 2781
3045 2786
3050 2791
3055 2793
3060 2798
3065 2803
3070 2808
3075 2813
3080 2818
3085 2821
3090 2823
3095 2827
3100 2832
3105 2837
3110 2842
3115 2847
3120 2852
3125 2857
3130 2862
3135 2867
3140 2869
3145 2873
3150 2878
3155 2882
3160 2887
3165 2891
3170 2896
3175 2901
3180 2906
3185 2911
3190 2915
3195 2920
3200 2924
3205 2929
3210 2932
3215 2937
3220 2942
3225 2947
3230 2952
3235 2957
3240 2962
3245 2967
3250 2971
3255 2976
3260 2981
3265 2986
3270 2991
3275 2995
3280 3000
3285 3003
3290 3006
3295 3009
3300 3012
3305 3016
3310 3021
3315 3026
3320 3031
3325 3036
3330 3041
3335 3043
3340 3048
3345 3053
3350 3058
3355 3063
3360 3068
3365 3070
3370 3073
3375 3078
3380 3081
3385 3086
3390 3090
3395 3095
3400 3100
3405 3102
3410 3107
3415 3112
3420 3115
3425 3119
3430 3121
3435 3125
3440 3129
3445 3134
3450 3139
3455 3144
3460 3149
3465 3154
3470 3159
3475 3164
3480 3168
3485 3172
3490 3176
3495 3181
3500 3186
3505 3191
3510 3196
3515 3201
3520 3206
3525 3210
3530 3215
3535 3220
3540 3225
3545 3230
3550 3235
3555 3240
3560 3245
3565 3250
3570 3255
3575 3260
3580 3265
3585 3270
3590 3275
3595 3280
3600 3285
3605 3290
3610 3293
3615 3297
3620 3302
3625 3307
3630 3312
3635 3316
3640 3321
3645 3326
3650 3331
3655 3336
3660 3341
3665 3346
3670 3351
3675 3356
3680 3361
3685 3366
3690 3371
3695 3375
3700 3380
3705 3385
3710 3390
3715 3393
3720 3397
3725 3402
3730 3407
3735 3412
3740 3417
3745 3422
3750 3427
3755 3432
3760 3436
3765 3438
3770 3443
3775 3448
3780 3451
3785 3455
3790 3460
3795 3463
3800 3467
3805 3471
3810 3475
3815 3480
3820 3485
3825 3490
3830 3495
3835 3500
3840 3503
3845 3508
3850 3510
3855 3515
3860 3519
3865 3524
3870 3529
3875 3534
3880 3539
3885 3544
3890 3549
3895 3554
3900 3559
3905 3563
3910 3568
3915 3571
3920 3574
3925 3579
3930 3584
3935 3589
3940 3594
3945 3599
3950 3604
3955 3609
3960 3613
3965 3618
3970 3623
3975 3628
3980 3633
3985 3637
3990 3640
3995 3645
4000 3650
4005 3655
4010 3660
4015 3665
4020 3668
4025 3672
4030 3677
4035 3682
4040 3687
4045 3692
4050 3697
4055 3702
4060 3707
4065 3709
4070 3713
4075 3718
4080 3723
4085 3727
4090 3731
4095 3736
4100 3741
4105 3746
4110 3750
4115 3755
4120 3760
4125 3765
4130 3768
4135 3772
4140 3776
4145 3781
4150 3786
4155 3790
4160 3795
4165 3800
4170 3805
4175 3810
4180 3815
4185 3820
4190 3825
4195 3830
4200 3834
4205 3837
4210 3840
4215 3844
4220 3847
4225 3849
4230 3853
4235 3858
4240 3863
4245 3868
4250 3873
4255 3878
4260 3883
4265 3887
4270 3890
4275 3894
4280 3899
4285 3904
4290 3908
4295 3913
4300 3918
4305 3922
4310 3925
4315 3927
4320 3932
4325 3937
4330 3942
4335 3946
4340 3950
4345 3953
4350 3958
4355 3963
4360 3968
4365 3973
4370 3978
4375 3983
4380 3988
4385 3993
4390 3998
4395 4003
4400 4008
4405 4013
4410 4018
4415 4022
4420 4027
4425 4029
4430 4034
4435 4039
4440 4044
4445 4049
4450 4053
4455 4058
4460 4063
4465 4068
4470 4073
4475 4078
4480 4083
4485 4088
4490 4093
4495 4098
4500 4103
4505 4108
4510 4113
4515 4118
4520 4123
4525 4128
4530 4133
4535 4138
4540 4143
4545 4148
4550 4151
4555 4156
4560 4159
4565 4164
4570 4169
4575 4174
4580 4179
4585 4184
4590 4189
4595 4194
4600 4198
4605 4203
4610 4206
4615 4210
4620 4214
4625 4219
4630 4224
4635 4229
4640 4234
4645 4239
4650 4244
4655 4249
4660 4254
4665 4256
4670 4260
4675 4265
4680 4268
4685 4272
4690 4275
4695 4279
4700 4284
4705 4289
4710 4294
4715 4299
4720 4304
4725 4309
4730 4314
4735 4319
4740 4323
4745 4327
4750 4332
4755 4337
4760 4342
4765 4347
4770 4351
4775 4355
4780 4360
4785 4364
4790 4366
4795 4370
4800 4374
4805 4379
4810 4383
4815 4385
4820 4390
4825 4395
4830 4400
4835 4405
4840 4410
4845 4412
4850 4417
4855 4419
4860 4424
4865 4429
4870 4434
4875 4438
4880 4443
4885 4448
4890 4453
4895 4458
4900 4463
4905 4468
4910 4473
4915 4478
4920 4483
4925 4488
4930 4493
4935 4497
4940 4501
4945 4506
4950 4510
4955 4515
4960 4520
4965 4525
4970 4530
4975 4535
4980 4540
4985 4545
4990 4550
4995 4555
5000 4560
5005 4565
5010 4567
5015 4570
5020 4575
5025 4580
5030 4585
5035 4590
5040 4595
5045 4599
5050 4604
5055 4609
5060 4614
5065 4619
5070 4624
5075 4629
5080 4630
5085 4633
5090 4637
5095 4642
5100 4647
5105 4652
5110 4657
5115 4661
5120 4664
5125 4665
5130 4670
5135 4673
5140 4678
5145 4680
5150 4685
5155 4689
5160 4693
5165 4695
5170 4699
5175 4704
5180 4708
5185 4713
5190 4718
5195 4723
5200 4728
5205 4733
5210 4738
5215 4743
5220 4748
5225 4753
5230 4756
5235 4761
5240 4766
5245 4771
5250 4776
5255 4781
5260 4785
5265 4789
5270 4794
5275 4799
5280 4804
5285 4809
5290 4814
5295 4819
5300 4824
5305 4829
5310 4834
5315 4839
5320 4844
5325 4849
5330 4854
5335 4859
5340 4864
5345 4869
5350 4874
5355 4878
5360 4879
5365 4882
5370 4886
5375 4891
5380 4896
5385 4901
5390 4906
5395 4911
5400 4916
5405 4921
5410 4925
5415 4930
5420 4935
5425 4940
5430 4943
5435 4948
5440 4951
5445 4955
5450 4959
5455 4963
5460 4967
5465 4972
5470 4977
5475 4981
5480 4986
5485 4991
5490 4996
5495 5001
5500 5005
5505 5008
5510 5012
5515 5015
5520 5020
5525 5024
5530 5028
5535 5032
5540 5037
5545 5042
5550 5047
5555 5052
5560 5054
5565 5059
5570 5059
5575 5063
5580 5067
5585 5071
5590 5074
5595 5079
5600 5080
5605 5084
5610 5088
5615 5093
5620 5098
5625 5103
5630 5108
5635 5113
5640 5118
5645 5122
5650 5127
5655 5132
5660 5137
5665 5142
5670 5147
5675 5150
5680 5153
5685 5157
5690 5161
5695 5166
5700 5170
5705 5175
5710 5180
5715 5185
5720 5190
5725 5195
5730 5200
5735 5204
5740 5209
5745 5214
5750 5219
5755 5224
5760 5229
5765 5234
5770 5237
5775 5242
5780 5247
5785 5252
5790 5257
5795 5259
5800 5264
5805 5267
5810 5271
5815 5276
5820 5281
5825 5286
5830 5291
5835 5296
5840 5300
5845 5305
5850 5308
5855 5311
5860 5314
5865 5318
5870 5323
5875 5328
5880 5333
5885 5338
5890 5343
5895 5348
5900 5352
5905 5356
5910 5359
5915 5363
5920 5367
5925 5371
5930 5376
5935 5381
5940 5386
5945 5390
5950 5395
5955 5400
5960 5405
5965 5410
5970 5415
5975 5420
5980 5425
5985 5430
5990 5435
5995 5440
6000 5445
6005 5450
6010 5455
6015 5460
6020 5465
6025 5470
6030 5475
6035 5480
6040 5485
6045 5490
6050 5495
6055 5500
6060 5505
6065 5510
6070 5515
6075 5520
6080 5525
6085 5530
6090 5535
6095 5540
6100 5545
6105 5550
6110 5555
6115 5560
6120 5565
6125 5570
6130 5575
6135 5580
6140 5585
6145 5590
6150 5595
6155 5600
6160 5605
6165 5610
6170 5615
6175 5620
6180 5625
6185 5630
6190 5635
6195 5640
6200 5645
6205 5650
6210 5655
6215 5660
6220 5665
6225 5670
6230 5674
6235 5679
6240 5684
6245 5688
6250 5693
6255 5698
6260 5703
6265 5708
6270 5713
6275 5718
6280 5723
6285 5728
6290 5733
6295 5738
6300 5743
6305 5748
6310 5753
6315 5758
6320 5763
6325 5768
6330 5773
6335 5777
6340 5781
6345 5784
6350 5789
6355 5794
6360 5799
6365 5804
6370 5809
6375 5814
6380 5819
6385 5824
6390 5829
6395 5834
6400 5839
6405 5843
6410 5848
6415 5853
6420 5858
6425 5863
6430 5868
6435 5873
6440 5878
6445 5883
6450 5888
6455 5893
6460 5895
6465 5900
6470 5905
6475 5910
6480 5915
6485 5920
6490 5924
6495 5927
6500 5932
6505 5937
6510 5942
6515 5947
6520 5952
6525 5957
6530 5962
6535 5966
6540 5971
6545 5976
6550 5980
6555 5985
6560 5990
6565 5995
6570 6000
6575 6005
6580 6010
6585 6015
6590 6020
6595 6025
6600 6030
6605 6033
6610 6037
6615 6042
6620 6047
6625 6052
6630 6057
6635 6062
6640 6067
6645 6072
6650 6075
6655 6080
6660 6084
6665 6088
6670 6091
6675 6096
6680 6101
6685 6106
6690 6111
6695 6116
6700 6121
6705 6126
6710 6131
6715 6136
6720 6140
6725 6144
6730 6148
6735 6153
6740 6158
6745 6163
6750 6168
6755 6173
6760 6178
6765 6183
6770 6188
6775 6193
6780 6198
6785 6203
6790 6207
6795 6211
6800 6216
6805 6220
6810 6224
6815 6229
6820 6233
6825 6238
6830 6242
6835 6247
6840 6252
6845 6257
6850 6262
6855 6267
6860 6271
6865 6276
6870 6281
6875 6284
6880 6287
6885 6291
6890 6296
6895 6300
6900 6305
6905 6310
6910 6315
6915 6320
6920 6325
6925 6330
6930 6335
6935 6340
6940 6345
6945 6350
6950 6355
6955 6360
6960 6365
6965 6370
6970 6375
6975 6379
6980 6384
6985 6389
6990 6392
6995 6397
7000 6402
7005 6407
7010 6412
7015 6417
7020 6421
7025 6426
7030 6428
7035 6431
7040 6436
7045 6441
7050 6446
7055 6450
7060 6455
7065 6460
7070 6465
7075 6469
7080 6474
7085 6479
7090 6482
7095 6486
7100 6491
7105 6496
7110 6501
7115 6506
7120 6511
7125 6516
7130 6521
7135 6526
7140 6531
7145 6536
7150 6541
7155 6546
7160 6551
7165 6556
7170 6561
7175 6566
7180 6571
7185 6576
7190 6579
7195 6582
7200 6587
7205 6592
7210 6596
7215 6601
7220 6606
7225 6611
7230 6616
7235 6621
7240 6626
7245 6631
7250 6635
7255 6638
7260 6641
7265 6646
7270 6651
7275 6656
7280 6661
7285 6666
7290 6671
7295 6676
7300 6681
7305 6686
7310 6691
7315 6696
7320 6701
7325 6706
7330 6711
7335 6716
7340 6721
7345 6725
7350 6730
7355 6735
7360 6740
7365 6744
7370 6748
7375 6752
7380 6757
7385 6762
7390 6767
7395 6772
7400 6777
7405 6782
7410 6786
7415 6791
7420 6796
7425 6801
7430 6806
7435 6811
7440 6816
7445 6820
7450 6822
7455 6826
7460 6830
7465 6833
7470 6835
7475 6840
7480 6845
7485 6850
7490 6855
7495 6860
7500 6864
7505 6867
7510 6870
7515 6875
7520 6880
7525 6885
7530 6890
7535 6895
7540 6899
7545 6903
7550 6908
7555 6912
7560 6917
7565 6921
7570 6926
7575 6931
7580 6935
7585 6939
7590 6943
7595 6947
7600 6950
7605 6953
7610 6957
7615 6958
7620 6963
7625 6967
7630 6972
7635 6977
7640 6982
7645 6987
7650 6992
7655 6997
7660 7002
7665 7006
7670 7010
7675 7014
7680 7018
7685 7022
7690 7027
7695 7030
7700 7032
7705 7036
7710 7038
7715 7041
7720 7044
7725 7048
7730 7053
7735 7057
7740 7061
7745 7064
7750 7069
7755 7072
7760 7077
7765 7081
7770 7086
7775 7090
7780 7093
7785 7097
7790 7097
7795 7101
7800 7105
7805 7109
7810 7114
7815 7118
7820 7122
7825 7126
7830 7131
7835 7136
7840 7140
7845 7145
7850 7150
7855 7155
7860 7158
7865 7160
7870 7164
7875 7169
7880 7173
7885 7175
7890 7178
7895 7179
7900 7182
7905 7187
7910 7191
7915 7196
7920 7201
7925 7206
7930 7210
7935 7214
7940 7217
7945 7222
7950 7227
7955 7232
7960 7237
7965 7240
7970 7244
7975 7247
7980 7252
7985 7256
7990 7260
7995 7261
8000 7264
8005 7267
8010 7272
8015 7277
8020 7282
8025 7287
8030 7292
8035 7297
8040 7302
8045 7307
8050 7312
8055 7315
8060 7318
8065 7321
8070 7325
8075 7330
8080 7335
8085 7340
8090 7345
8095 7350
8100 7355
8105 7360
8110 7364
8115 7368
8120 7368
8125 7373
8130 7377
8135 7378
8140 7380
8145 7384
8150 7388
8155 7393
8160 7396
8165 7401
8170 7405
8175 7407
8180 7412
8185 7416
8190 7421
8195 7425
8200 7429
8205 7434
8210 7437
8215 7442
8220 7445
8225 7446
8230 7450
8235 7455
8240 7458
8245 7463
8250 7465
8255 7467
8260 7470
8265 7473
8270 7476
8275 7480
8280 7484
8285 7486
8290 7490
8295 7493
8300 7496
8305 7499
8310 7502
8315 7507
8320 7512
8325 7515
8330 7518
8335 7523
8340 7528
8345 7533
8350 7536
8355 7540
8360 7543
8365 7546
8370 7551
8375 7552
8380 7553
8385 7555
8390 7555
8395 7560
8400 7564
8405 7565
8410 7570
8415 7574
8420 7578
8425 7580
8430 7585
8435 7586
8440 7589
8445 7594
8450 7596
8455 7599
8460 7604
8465 7607
8470 7608
8475 7611
8480 7615
8485 7617
8490 7621
8495 7624
8500 7627
8505 7628
8510 7629
8515 7632
8520 7634
8525 7636
8530 7641
8535 7643
8540 7647
8545 7647
8550 7647
8555 7648
8560 7652
8565 7657
8570 7662
8575 7666
8580 7671
8585 7676
8590 7679
8595 7683
8600 7687
8605 7691
8610 7695
8615 7699
8620 7702
8625 7706
8630 7709
8635 7714
8640 7719
8645 7724
8650 7729
8655 7734
8660 7737
8665 7740
8670 7743
8675 7745
8680 7746
8685 7748
8690 7751
8695 7755
8700 7759
8705 7761
8710 7762
8715 7762
8720 7766
8725 7771
8730 7775
8735 7777
8740 7779
8745 7781
8750 7785
8755 7788
8760 7791
8765 7796
8770 7800
8775 7804
8780 7808
8785 7811
8790 7815
8795 7819
8800 7824
8805 7828
8810 7833
8815 7838
8820 7843
8825 7848
8830 7851
8835 7853
8840 7856
8845 7861
8850 7866
8855 7870
8860 7875
8865 7880
8870 7885
8875 7889
8880 7893
8885 7898
8890 7902
8895 7904
8900 7907
8905 7908
8910 7911
8915 7913
8920 7918
8925 7922
8930 7922
8935 7926
8940 7929
8945 7934
8950 7938
8955 7940
8960 7942
8965 7943
8970 7946
8975 7949
8980 7950
8985 7952
8990 7956
8995 7958
9000 7960
9005 7962
9010 7965
9015 7968
9020 7971
9025 7971
9030 7974
9035 7979
9040 7983
9045 7986
9050 7989
9055 7993
9060 7996
9065 8001
9070 8006
9075 8009
9080 8011
9085 8012
9090 8014
9095 8018
9100 8021
9105 8025
9110 8027
9115 8030
9120 8033
9125 8037
9130 8042
9135 8044
9140 8049
9145 8052
9150 8056
9155 8059
9160 8061
9165 8062
9170 8062
9175 8065
9180 8068
9185 8071
9190 8071
9195 8075
9200 8079
9205 8083
9210 8087
9215 8090
9220 8092
9225 8095
9230 8099
9235 8101
9240 8102
9245 8105
9250 8107
9255 8109
9260 8109
9265 8113
9270 8114
9275 8118
9280 8119
9285 8123
9290 8124
9295 8129
9300 8134
9305 8138
9310 8140
9315 8141
9320 8143
9325 8145
9330 8146
9335 8149
9340 8152
9345 8156
9350 8158
9355 8160
9360 8161
9365 8166
9370 8170
9375 8175
9380 8178
9385 8182
9390 8182
9395 8185
9400 8187
9405 8190
9410 8194
9415 8197
9420 8200
9425 8204
9430 8207
9435 8211
9440 8213
9445 8217
9450 8221
9455 8224
9460 8225
9465 8229
9470 8234
9475 8237
9480 8237
9485 8241
9490 8244
9495 8249
9500 8254
9505 8257
9510 8261
9515 8265
9520 8270
9525 8273
9530 8277
9535 8279
9540 8281
9545 8284
9550 8286
9555 8289
9560 8291
9565 8295
9570 8298
9575 8300
9580 8304
9585 8304
9590 8305
9595 8306
9600 8307
9605 8307
9610 8308
9615 8311
9620 8314
9625 8316
9630 8317
9635 8318
9640 8322
9645 8327
9650 8331
9655 8335
9660 8338
9665 8341
9670 8346
9675 8349
9680 8353
9685 8356
9690 8357
9695 8361
9700 8365
9705 8368
9710 8370
9715 8371
9720 8373
9725 8373
9730 8374
9735 8376
9740 8378
9745 8379
9750 8380
9755 8380
9760 8380
9765 8380
9770 8381
9775 8383
9780 8384
9785 8387
9790 8390
9795 8392
9800 8392
9805 8392
9810 8393
9815 8393
9820 8393
9825 8394
9830 8397
9835 8401
9840 8404
9845 8409
9850 8410
9855 8414
9860 8418
9865 8423
9870 8425
9875 8428
9880 8432
9885 8437
9890 8442
9895 8446
9900 8451
9905 8455
9910 8459
9915 8464
9920 8469
9925 8474
9930 8478
9935 8481
9940 8485
9945 8488
9950 8489
9955 8491
9960 8494
9965 8496
9970 8498
9975 8502
9980 8504
9985 8508
9990 8513
9995 8517
10000 8522
10005 8526
10010 8530
10015 8535
10020 8538
10025 8542
10030 8545
10035 8549
10040 8553
10045 8558
10050 8563
10055 8568
10060 8571
10065 8576
10070 8581
10075 8581
10080 8581
10085 8581
10090 8581
10095 8581
10100 8581
10105 8581
10110 8581
10115 8581
10120 8581
10125 8584
10130 8584
10135 8585
10140 8586
10145 8589
10150 8591
10155 8596
10160 8601
10165 8606
10170 8611
10175 8614
10180 8619
10185 8622
10190 8624
10195 8626
10200 8630
10205 8635
10210 8640
10215 8644
10220 8648
10225 8653
10230 8657
10235 8662
10240 8666
10245 8671
10250 8676
10255 8678
10260 8682
10265 8686
10270 8687
10275 8690
10280 8693
10285 8697
10290 8702
10295 8706
10300 8709
10305 8713
10310 8717
10315 8722
10320 8726
10325 8730
10330 8735
10335 8740
10340 8745
10345 8748
10350 8749
10355 8749
10360 8750
10365 8750
10370 8750
10375 8751
10380 8753
10385 8753
10390 8753
10395 8753
10400 8753
10405 8753
10410 8753
10415 8753
10420 8754
10425 8754
10430 8754
10435 8754
10440 8754
10445 8759
10450 8764
10455 8769
10460 8772
10465 8772
10470 8773
10475 8774
10480 8775
10485 8776
10490 8778
10495 8778
10500 8779
10505 8783
10510 8785
10515 8786
10520 8787
10525 8787
10530 8788
10535 8791
10540 8791
10545 8791
10550 8791
10555 8796
10560 8801
10565 8806
10570 8811
10575 8816
10580 8821
10585 8825
10590 8829
10595 8833
10600 8837
10605 8839
10610 8844
10615 8848
10620 8850
10625 8852
10630 8857
10635 8858
10640 8858
10645 8858
10650 8858
10655 8860
10660 8860
10665 8861
10670 8863
10675 8863
10680 8865
10685 8865
10690 8869
10695 8870
10700 8875
10705 8877
10710 8878
10715 8880
10720 8881
10725 8883
10730 8883
10735 8883
10740 8886
10745 8890
10750 8890
10755 8894
10760 8898
10765 8899
10770 8899
10775 8900
10780 8904
10785 8909
10790 8914
10795 8919
10800 8924
10805 8926
10810 8930
10815 8930
10820 8930
10825 8931
10830 8931
10835 8933
10840 8933
10845 8938
10850 8940
10855 8944
10860 8947
10865 8949
10870 8950
10875 8951
10880 8952
10885 8953
10890 8955
10895 8957
10900 8957
10905 8957
10910 8958
10915 8960
10920 8964
10925 8967
10930 8967
10935 8967
10940 8968
10945 8970
10950 8972
10955 8973
