0 0
6 4
12 8
17 13
24 16
30 20
37 23
44 26
50 30
56 34
63 37
70 40
76 44
83 47
90 50
98 52
104 56
110 60
118 62
125 65
134 66
141 69
146 74
153 77
158 82
166 84
171 89
177 93
185 95
190 100
197 103
205 105
212 108
220 110
227 113
233 117
240 120
245 125
252 128
259 131
264 136
272 138
280 140
286 144
293 147
300 150
309 151
315 155
323 157
331 159
336 164
345 165
350 170
355 175
362 178
370 180
377 183
385 185
392 188
399 191
404 196
410 200
415 205
421 209
428 212
435 215
441 219
448 222
453 227
459 231
465 235
472 238
480 240
488 242
494 246
500 250
507 253
514 256
522 258
528 262
534 266
541 269
548 272
553 277
560 280
566 284
575 285
582 288
587 293
592 298
598 302
605 305
612 308
620 310
627 313
635 315
640 320
646 324
652 328
658 332
663 337
670 340
677 343
685 345
693 347
700 350
708 352
715 355
721 359
727 363
733 367
739 371
746 374
754 376
762 378
770 380
776 384
782 388
788 392
793 397
798 402
804 406
811 409
816 414
823 417
829 421
834 426
840 430
846 434
853 437
861 439
868 442
874 446
881 449
886 454
892 458
897 463
902 468
907 473
913 477
919 481
925 485
933 487
940 490
948 492
954 496
960 500
970 500
975 505
982 508
989 511
995 515
1001 519
1007 523
1014 526
1020 530
1026 534
1031 539
1036 544
1042 548
1049 551
1056 554
1064 556
1069 561
1075 565
1081 569
1087 573
1093 577
1103 577
1109 581
1115 585
1124 586
1132 588
1141 589
1149 591
1155 595
1162 598
1169 601
1176 604
1184 606
1190 610
1195 615
1200 620
1206 624
1213 627
1219 631
1226 634
1233 637
1239 641
1246 644
1252 648
1261 649
1269 651
1277 653
1284 656
1291 659
1296 664
1305 665
1310 670
1315 675
1320 680
1325 685
1332 688
1341 689
1349 691
1356 694
1362 698
1370 700
1375 705
1380 710
1385 715
1391 719
1397 723
1405 725
1412 728
1418 732
1424 736
1431 739
1436 744
1443 747
1452 748
1458 752
1464 756
1471 759
1478 762
1486 764
1493 767
1501 769
1507 773
1515 775
1524 776
1531 779
1540 780
1547 783
1553 787
1558 792
1564 796
1573 797
1580 800
1587 803
1592 808
1598 812
1605 815
1611 819
1616 824
1623 827
1629 831
1634 836
1640 840
1647 843
1655 845
1662 848
1667 853
1674 856
1681 859
1689 861
1697 863
1702 868
1708 872
1713 877
1718 882
1724 886
1730 890
1736 894
1742 898
1748 902
1755 905
1761 909
1766 914
1771 919
1776 924
1782 928
1789 931
1794 936
1801 939
1808 942
1815 945
1823 947
1829 951
1836 954
1842 958
1849 961
1856 964
1862 968
1870 970
1878 972
1885 975
1892 978
1899 981
1904 986
1910 990
1915 995
1921 999
1928 1002
1933 1007
1939 1011
1945 1015
1952 1018
1958 1022
1964 1026
1970 1030
1976 1034
1982 1038
1988 1042
1994 1046
2000 1050
2006 1054
2011 1059
2016 1064
2023 1067
2028 1072
2034 1076
2039 1081
2044 1086
2052 1088
2060 1090
2067 1093
2072 1098
2078 1102
2084 1106
2089 1111
2096 1114
2102 1118
2108 1122
2113 1127
2120 1130
2126 1134
2132 1138
2138 1142
2144 1146
2151 1149
2157 1153
2162 1158
2168 1162
2174 1166
2180 1170
2188 1172
2195 1175
2201 1179
2208 1182
2214 1186
2222 1188
2230 1190
2236 1194
2242 1198
2251 1199
2257 1203
2265 1205
2272 1208
2281 1209
2288 1212
2295 1215
2301 1219
2306 1224
2314 1226
2321 1229
2327 1233
2334 1236
2340 1240
2346 1244
2355 1245
2364 1246
2370 1250
2377 1253
2384 1256
2391 1259
2397 1263
2403 1267
2410 1270
2419 1271
2427 1273
2433 1277
2441 1279
2450 1280
2457 1283
2463 1287
2472 1288
2479 1291
2486 1294
2492 1298
2498 1302
2505 1305
2513 1307
2520 1310
2525 1315
2531 1319
2539 1321
2546 1324
2554 1326
2560 1330
2567 1333
2573 1337
2579 1341
2585 1345
2592 1348
2600 1350
2607 1353
2613 1357
2619 1361
2625 1365
2631 1369
2637 1373
2643 1377
2649 1381
2656 1384
2661 1389
2666 1394
2673 1397
2680 1400
2686 1404
2692 1408
2698 1412
2703 1417
2709 1421
2714 1426
2722 1428
2729 1431
2735 1435
2741 1439
2747 1443
2755 1445
2765 1445
2771 1449
2778 1452
2785 1455
2794 1456
2800 1460
2807 1463
2813 1467
2820 1470
2825 1475
2831 1479
2836 1484
2841 1489
2847 1493
2853 1497
2858 1502
2864 1506
2871 1509
2878 1512
2884 1516
2889 1521
2894 1526
2900 1530
2905 1535
2910 1540
2915 1545
2920 1550
2926 1554
2931 1559
2937 1563
2942 1568
2948 1572
2953 1577
2958 1582
2963 1587
2969 1591
2978 1592
2983 1597
2990 1600
2996 1604
3002 1608
3009 1611
3016 1614
3025 1615
3033 1617
3041 1619
3046 1624
3052 1628
3060 1630
3067 1633
3075 1635
3082 1638
3090 1640
3097 1643
3102 1648
3107 1653
3114 1656
3120 1660
3127 1663
3135 1665
3142 1668
3147 1673
3153 1677
3159 1681
3165 1685
3171 1689
3178 1692
3184 1696
3192 1698
3199 1701
3204 1706
3210 1710
3217 1713
3224 1716
3230 1720
3236 1724
3244 1726
3251 1729
3257 1733
3262 1738
3267 1743
3275 1745
3283 1747
3289 1751
3298 1752
3305 1755
3311 1759
3316 1764
3322 1768
3329 1771
3336 1774
3343 1777
3349 1781
3355 1785
3362 1788
3371 1789
3377 1793
3382 1798
3389 1801
3395 1805
3402 1808
3409 1811
3415 1815
3421 1819
3428 1822
3435 1825
3441 1829
3447 1833
3454 1836
3459 1841
3465 1845
3470 1850
3477 1853
3484 1856
3491 1859
3497 1863
3502 1868
3507 1873
3513 1877
3518 1882
3525 1885
3530 1890
3536 1894
3541 1899
3548 1902
3553 1907
3558 1912
3563 1917
3568 1922
3573 1927
3578 1932
3584 1936
3590 1940
3595 1945
3601 1949
3607 1953
3614 1956
3620 1960
3626 1964
3632 1968
3640 1970
3649 1971
3655 1975
3660 1980
3666 1984
3674 1986
3680 1990
3686 1994
3691 1999
3696 2004
3701 2009
3706 2014
3711 2019
3719 2021
3727 2023
3734 2026
3742 2028
3750 2030
3757 2033
3765 2035
3770 2040
3777 2043
3782 2048
3790 2050
3797 2053
3803 2057
3810 2060
3815 2065
3821 2069
3829 2071
3838 2072
3843 2077
3851 2079
3857 2083
3863 2087
3869 2091
3874 2096
3881 2099
3888 2102
3896 2104
3904 2106
3910 2110
3919 2111
3926 2114
3933 2117
3939 2121
3947 2123
3955 2125
3962 2128
3967 2133
3973 2137
3978 2142
3983 2147
3990 2150
3996 2154
4002 2158
4007 2163
4012 2168
4019 2171
4025 2175
4031 2179
4036 2184
4045 2185
4054 2186
4062 2188
4070 2190
4077 2193
4083 2197
4089 2201
4095 2205
4101 2209
4108 2212
4115 2215
4123 2217
4131 2219
4137 2223
4144 2226
4150 2230
4156 2234
4163 2237
4171 2239
4178 2242
4185 2245
4192 2248
4199 2251
4206 2254
4212 2258
4219 2261
4227 2263
4234 2266
4239 2271
4245 2275
4252 2278
4258 2282
4265 2285
4272 2288
4279 2291
4285 2295
4291 2299
4297 2303
4303 2307
4309 2311
4316 2314
4323 2317
4329 2321
4336 2324
4342 2328
4351 2329
4358 2332
4364 2336
4369 2341
4374 2346
4379 2351
4385 2355
4390 2360
4395 2365
4400 2370
4405 2375
4410 2380
4416 2384
4423 2387
4431 2389
4437 2393
4442 2398
4449 2401
4454 2406
4460 2410
4466 2414
4474 2416
4480 2420
4487 2423
4492 2428
4498 2432
4503 2437
4508 2442
4513 2447
4519 2451
4524 2456
4529 2461
4535 2465
4540 2470
4547 2473
4552 2478
4559 2481
4566 2484
4572 2488
4578 2492
4586 2494
4593 2497
4602 2498
4610 2500
4616 2504
4622 2508
4629 2511
4634 2516
4640 2520
4645 2525
4651 2529
4657 2533
4663 2537
4671 2539
4677 2543
4683 2547
4689 2551
4697 2553
4702 2558
4708 2562
4713 2567
4718 2572
4724 2576
4732 2578
4738 2582
4745 2585
4750 2590
4756 2594
4762 2598
4769 2601
4776 2604
4782 2608
4791 2609
4798 2612
4804 2616
4811 2619
4819 2621
4826 2624
4831 2629
4840 2630
4847 2633
4854 2636
4861 2639
4867 2643
4873 2647
4879 2651
4884 2656
4889 2661
4894 2666
4899 2671
4904 2676
4909 2681
4914 2686
4919 2691
4924 2696
4929 2701
4935 2705
4943 2707
4948 2712
4954 2716
4959 2721
4964 2726
4969 2731
4974 2736
4979 2741
4984 2746
4989 2751
4994 2756
4999 2761
5004 2766
5014 2766
5020 2770
5025 2775
5032 2778
5037 2783
5043 2787
5050 2790
5056 2794
5064 2796
5071 2799
5079 2801
5086 2804
5093 2807
5099 2811
5106 2814
5112 2818
5118 2822
5126 2824
5134 2826
5139 2831
5146 2834
5151 2839
5158 2842
5166 2844
5173 2847
5178 2852
5185 2855
5191 2859
5197 2863
5204 2866
5211 2869
5218 2872
5225 2875
5232 2878
5241 2879
5247 2883
5254 2886
5259 2891
5265 2895
5270 2900
5275 2905
5280 2910
5285 2915
5290 2920
5295 2925
5300 2930
5305 2935
5310 2940
5315 2945
5321 2949
5326 2954
5331 2959
5337 2963
5342 2968
5347 2973
5353 2977
5361 2979
5369 2981
5375 2985
5381 2989
5388 2992
5394 2996
5400 3000
5405 3005
5411 3009
5418 3012
5425 3015
5432 3018
5440 3020
5446 3024
5454 3026
5461 3029
5466 3034
5471 3039
5478 3042
5485 3045
5491 3049
5497 3053
5504 3056
5510 3060
5516 3064
5522 3068
5530 3070
5536 3074
5541 3079
5549 3081
5555 3085
5562 3088
5570 3090
5578 3092
5584 3096
5592 3098
5601 3099
5608 3102
5614 3106
5620 3110
5626 3114
5632 3118
5638 3122
5644 3126
5652 3128
5660 3130
5667 3133
5675 3135
5682 3138
5689 3141
5695 3145
5701 3149
5706 3154
5711 3159
5717 3163
5722 3168
5728 3172
5734 3176
5740 3180
5745 3185
5750 3190
5755 3195
5762 3198
5770 3200
5776 3204
5782 3208
5788 3212
5795 3215
5801 3219
5808 3222
5814 3226
5820 3230
5826 3234
5832 3238
5838 3242
5843 3247
5850 3250
5857 3253
5864 3256
5870 3260
5875 3265
5882 3268
5888 3272
5894 3276
5900 3280
5907 3283
5914 3286
5919 3291
5926 3294
5931 3299
5937 3303
5944 3306
5951 3309
5956 3314
5962 3318
5968 3322
5976 3324
5982 3328
5987 3333
5992 3338
5997 3343
6002 3348
6007 3353
6012 3358
6017 3363
6022 3368
6027 3373
6032 3378
6037 3383
6042 3388
6048 3392
6053 3397
6058 3402
6063 3407
6068 3412
6073 3417
6078 3422
6083 3427
6088 3432
6093 3437
6098 3442
6103 3447
6108 3452
6113 3457
6119 3461
6124 3466
6129 3471
6134 3476
6139 3481
6144 3486
6149 3491
6154 3496
6159 3501
6164 3506
6169 3511
6174 3516
6179 3521
6184 3526
6189 3531
6194 3536
6199 3541
6204 3546
6209 3551
6215 3555
6220 3560
6224 3566
6229 3571
6231 3579
6235 3585
6240 3590
6245 3594
6251 3598
6256 3603
6261 3608
6267 3612
6272 3617
6277 3622
6282 3627
6287 3632
6292 3637
6297 3642
6302 3647
6307 3652
6312 3657
6317 3662
6322 3667
6328 3671
6333 3676
6338 3681
6345 3684
6350 3689
6355 3694
6361 3698
6366 3703
6371 3708
6376 3713
6382 3717
6387 3722
6392 3727
6397 3732
6402 3737
6408 3741
6413 3746
6418 3751
6423 3756
6428 3761
6433 3766
6438 3771
6443 3776
6450 3779
6455 3784
6462 3787
6467 3792
6473 3796
6478 3801
6483 3806
6489 3810
6495 3814
6500 3819
6505 3824
6511 3828
6516 3833
6521 3838
6523 3846
6528 3851
6533 3856
6538 3860
6543 3865
6548 3869
6553 3874
6558 3879
6563 3884
6568 3889
6573 3894
6578 3899
6583 3904
6588 3909
6593 3914
6599 3918
6603 3923
6608 3927
6613 3931
6618 3936
6623 3941
6628 3946
6633 3951
6638 3956
6643 3961
6648 3965
6653 3969
6658 3974
6663 3977
6670 3980
6675 3985
6680 3990
6685 3995
6690 4000
6695 4005
6700 4010
6705 4015
6710 4020
6715 4025
6720 4029
6725 4033
6730 4037
6735 4042
6740 4047
6745 4052
6750 4057
6755 4062
6760 4067
6765 4072
6770 4077
6775 4082
6780 4087
6785 4092
6790 4096
6795 4100
6800 4105
6805 4109
6810 4113
6815 4118
6821 4121
6826 4126
6832 4129
6837 4134
6842 4139
6847 4144
6852 4149
6857 4154
6862 4158
6867 4163
6872 4168
6877 4171
6882 4174
6887 4178
6892 4183
6897 4187
6902 4192
6907 4197
6912 4202
6917 4207
6922 4212
6927 4217
6932 4222
6937 4227
6942 4232
6947 4237
6952 4242
6957 4247
6962 4252
6967 4257
6974 4260
6977 4267
6977 4277
6980 4284
6985 4289
6990 4292
6995 4297
7000 4302
7005 4307
7010 4312
7015 4317
7021 4321
7026 4326
7031 4328
7036 4331
7041 4336
7046 4341
7051 4346
7056 4350
7061 4355
7066 4360
7071 4365
7076 4369
7081 4374
7086 4379
7091 4382
7096 4386
7102 4390
7107 4395
7112 4400
7117 4405
7122 4410
7127 4415
7132 4420
7137 4425
7142 4430
7147 4435
7152 4440
7157 4445
7162 4450
7167 4455
7170 4462
7175 4467
7180 4472
7185 4477
7190 4480
7195 4483
7201 4487
7206 4492
7211 4497
7216 4502
7221 4507
7226 4512
7231 4517
7236 4522
7241 4527
7246 4532
7251 4536
7256 4538
7262 4541
7267 4546
7272 4551
7277 4556
7281 4562
7286 4567
7291 4572
7296 4577
7301 4582
7306 4587
7311 4592
7316 4597
7321 4602
7326 4607
7331 4612
7336 4617
7341 4622
7346 4626
7351 4631
7356 4636
7361 4641
7366 4645
7371 4649
7376 4653
7381 4658
7386 4663
7391 4668
7396 4673
7402 4677
7408 4681
7413 4686
7418 4691
7423 4696
7428 4701
7433 4706
7438 4711
7443 4716
7448 4719
7453 4722
7458 4726
7463 4730
7468 4731
7473 4735
7478 4740
7483 4745
7488 4750
7493 4755
7498 4759
7503 4764
7508 4766
7513 4770
7518 4775
7523 4780
7528 4785
7533 4790
7538 4795
7543 4798
7548 4803
7553 4808
7558 4812
7563 4817
7568 4821
7573 4826
7578 4831
7583 4835
7588 4839
7593 4842
7598 4846
7603 4849
7608 4853
7613 4855
7618 4858
7623 4863
7628 4867
7633 4872
7638 4877
7643 4882
7648 4887
7653 4892
7658 4897
7663 4902
7668 4906
7673 4909
7678 4914
7683 4918
7688 4922
7693 4925
7698 4929
7703 4931
7708 4934
7713 4936
7718 4940
7723 4943
7728 4948
7733 4952
7738 4956
7743 4960
7748 4964
7753 4968
7758 4972
7763 4976
7768 4981
7773 4986
7778 4989
7783 4993
7788 4994
7793 4997
7798 5000
7803 5004
7808 5009
7813 5013
7818 5017
7823 5021
7828 5026
7833 5031
7838 5035
7843 5040
7848 5045
7853 5050
7858 5055
7858 5065
7858 5075
7858 5085
7858 5095
7858 5105
7858 5115
7858 5125
7858 5135
7859 5144
7864 5145
7869 5148
7874 5153
7879 5158
7884 5160
7889 5163
7894 5165
7899 5166
7904 5171
7909 5175
7914 5180
7919 5185
7924 5190
7929 5194
7934 5198
7939 5202
7944 5206
7949 5211
7954 5216
7959 5221
7964 5225
7969 5228
7974 5232
7978 5237
7983 5242
7984 5251
7989 5255
7994 5255
7999 5259
8004 5261
8009 5266
8014 5271
8019 5276
8024 5281
8029 5286
8035 5290
8040 5295
8045 5300
8049 5306
8052 5313
8052 5323
8052 5333
8052 5343
8052 5353
8052 5363
8052 5373
8052 5383
8052 5393
8052 5403
8052 5413
8053 5421
8058 5424
8063 5426
8068 5431
8073 5435
8078 5440
8083 5445
8088 5450
8093 5455
8098 5460
8103 5465
8108 5470
8113 5474
8118 5475
8123 5478
8128 5482
8133 5484
8138 5485
8143 5489
8148 5494
8153 5498
8158 5502
8163 5506
8168 5511
8173 5513
8178 5517
8183 5522
8188 5526
8193 5531
8198 5535
8203 5539
8208 5542
8214 5546
8219 5551
8224 5551
8229 5555
8234 5559
8239 5562
8244 5567
8249 5570
8254 5573
8259 5575
8264 5578
8269 5580
8274 5584
8279 5588
8284 5592
8289 5594
8294 5598
8299 5602
8304 5604
8309 5607
8314 5611
8319 5616
8324 5619
8329 5623
8334 5627
8339 5632
8344 5637
8349 5640
8354 5644
8359 5649
8361 5655
8361 5665
8361 5675
8361 5685
8361 5695
8361 5705
8361 5715
8361 5725
8361 5735
8361 5745
8361 5755
8363 5762
8368 5766
8373 5769
8378 5770
8383 5771
8388 5772
8393 5775
8398 5779
8403 5782
8408 5785
8413 5789
8418 5794
8423 5796
8428 5800
8433 5803
8438 5804
8443 5809
8448 5813
8453 5815
8458 5819
8463 5824
8468 5824
8473 5826
8478 5831
8483 5833
8488 5836
8493 5839
8498 5842
8503 5844
8508 5845
8513 5848
8518 5850
8523 5853
8528 5856
8533 5860
8538 5863
8543 5864
8548 5864
8553 5865
8558 5867
8563 5872
8569 5876
8575 5880
8580 5885
8585 5890
8590 5894
8595 5897
8600 5902
8605 5905
8610 5910
8615 5913
8620 5916
8625 5921
8630 5923
8635 5928
8640 5933
8645 5938
8650 5943
8655 5948
8659 5953
8664 5955
8669 5959
8674 5961
8679 5962
8684 5964
8689 5966
8694 5971
8699 5974
8704 5977
8709 5977
8714 5978
8719 5981
8724 5986
8729 5991
8734 5993
8739 5995
8744 5997
8749 6000
8754 6003
8759 6007
8764 6011
8769 6016
8774 6019
8779 6023
8784 6026
8789 6030
8794 6034
8799 6039
8804 6043
8809 6048
8814 6053
8819 6058
8824 6063
8829 6067
8834 6069
8839 6071
8844 6076
8850 6080
8855 6085
8860 6090
8865 6095
8870 6100
8875 6104
8880 6108
8885 6113
8890 6117
8895 6119
8900 6122
8905 6123
8910 6126
8915 6128
8920 6133
8925 6137
8930 6137
8935 6141
8940 6144
8943 6151
8948 6155
8953 6159
8958 6160
8963 6162
8968 6165
8973 6167
8978 6168
8983 6170
8988 6173
8993 6176
8998 6179
9003 6181
9008 6183
9013 6186
9018 6189
9023 6190
9028 6191
9033 6196
9038 6201
9043 6204
9048 6207
9053 6211
9058 6214
9063 6218
9068 6223
9073 6227
9078 6229
9083 6230
9088 6233
9093 6235
9098 6238
9103 6243
9108 6245
9113 6248
9118 6250
9123 6254
9128 6259
9133 6262
9138 6266
9143 6270
9148 6274
9153 6278
9158 6279
9160 6286
9160 6296
9163 6300
9168 6301
9173 6302
9178 6305
9181 6312
9183 6318
9183 6328
9183 6338
9183 6348
9183 6358
9183 6368
9183 6378
9183 6388
9183 6398
9183 6408
9183 6418
9183 6428
9188 6430
9193 6432
9198 6436
9203 6441
9208 6444
9213 6448
9218 6451
9223 6452
9228 6457
9233 6459
9238 6461
9243 6463
9248 6465
9253 6468
9258 6468
9263 6470
9268 6473
9273 6476
9278 6478
9283 6481
9288 6482
9293 6486
9298 6491
9303 6495
9308 6498
9313 6500
9318 6502
9323 6503
9328 6505
9333 6507
9338 6510
9343 6513
9348 6517
9353 6518
9358 6519
9363 6523
9368 6528
9373 6532
9378 6535
9383 6539
9388 6541
9393 6543
9398 6545
9403 6547
9408 6551
9413 6554
9418 6558
9423 6562
9428 6565
9433 6568
9438 6571
9443 6574
9448 6578
9453 6582
9458 6583
9463 6586
9468 6591
9473 6595
9478 6596
9483 6598
9488 6601
9493 6606
9498 6611
9503 6615
9508 6619
9513 6623
9518 6627
9523 6631
9528 6635
9533 6638
9538 6639
9543 6642
9548 6644
9553 6647
9558 6650
9563 6652
9568 6656
9573 6658
9578 6662
9583 6663
9588 6664
9593 6665
9598 6665
9603 6666
9608 6667
9613 6668
9618 6672
9623 6675
9628 6675
9633 6676
9638 6680
9643 6684
9648 6689
9653 6693
9658 6695
9663 6700
9668 6703
9673 6707
9678 6711
9683 6714
9688 6716
9693 6719
9698 6722
9703 6726
9708 6729
9713 6730
9718 6732
9718 6742
9718 6752
9718 6762
9718 6772
9718 6782
9721 6787
9726 6787
9731 6788
9735 6792
9740 6794
9745 6794
9745 6804
9745 6814
9745 6824
9745 6834
9745 6844
9745 6854
9745 6864
9745 6874
9745 6884
9745 6894
9745 6904
9745 6914
9745 6924
9745 6934
9745 6944
9745 6954
9745 6964
9745 6974
9745 6984
9745 6994
9747 7000
9752 7001
9757 7001
9762 7001
9767 7001
9772 7002
9777 7005
9782 7007
9787 7009
9792 7012
9797 7013
9802 7013
9807 7014
9812 7014
9817 7014
9822 7015
9827 7016
9832 7019
9837 7022
9842 7027
9847 7030
9852 7033
9857 7036
9862 7041
9867 7046
9872 7047
9877 7050
9882 7055
9887 7060
9892 7065
9897 7069
9902 7074
9907 7078
9912 7082
9917 7087
9922 7092
9927 7097
9932 7100
9937 7104
9942 7107
9947 7110
9952 7110
9957 7113
9962 7117
9967 7119
9972 7121
9977 7124
9982 7127
9987 7131
9992 7136
9997 7140
10002 7144
10007 7149
10012 7153
10017 7157
10022 7161
10027 7164
10032 7167
10037 7172
10042 7176
10047 7181
10052 7186
10057 7191
10062 7194
10067 7199
10072 7202
10077 7202
10082 7202
10087 7202
10092 7202
10097 7202
10102 7202
10107 7202
10112 7202
10117 7202
10122 7203
10127 7205
10132 7206
10137 7206
10142 7208
10147 7210
10152 7214
10157 7219
10162 7224
10167 7229
10172 7234
10177 7237
10182 7241
10187 7244
10192 7245
10197 7248
10202 7253
10207 7258
10212 7263
10217 7266
10222 7271
10227 7275
10232 7280
10237 7284
10242 7289
10247 7294
10252 7297
10257 7301
10262 7305
10267 7308
10272 7309
10277 7312
10282 7316
10287 7320
10292 7324
10297 7328
10302 7332
10307 7336
10312 7340
10317 7344
10322 7348
10327 7353
10332 7358
10337 7363
10342 7368
10347 7369
10352 7370
10357 7370
10362 7371
10367 7371
10372 7371
10377 7374
10382 7374
10387 7374
10392 7374
10397 7374
10402 7374
10407 7374
10412 7374
10417 7375
10422 7375
10427 7375
10432 7375
10437 7375
10442 7377
10447 7382
10452 7387
10457 7392
10462 7393
10467 7393
10472 7394
10477 7396
10482 7397
10487 7397
10492 7399
10497 7399
10502 7402
10507 7405
10512 7407
10517 7407
10522 7408
10527 7409
10532 7410
10537 7412
10542 7412
10547 7412
10552 7414
10557 7419
10562 7424
10567 7429
10572 7434
10577 7439
10582 7443
10587 7447
10592 7452
10597 7455
10602 7458
10607 7462
10612 7467
10617 7470
10622 7472
10627 7475
10632 7479
10637 7479
10642 7479
10647 7479
10652 7480
10657 7481
10662 7481
10667 7483
10672 7484
10677 7484
10682 7486
10687 7488
10692 7491
10697 7493
10702 7497
10707 7499
10712 7499
10717 7502
10722 7502
10727 7504
10732 7504
10737 7504
10742 7509
10747 7511
10752 7512
10757 7517
10762 7519
10767 7520
10772 7520
10777 7523
10782 7527
10787 7532
10792 7537
10797 7542
10802 7545
10807 7548
10812 7551
10817 7551
10822 7552
10827 7552
10832 7553
10837 7554
