0 0
6 6
12 12
17 17
24 24
30 30
37 37
44 44
50 50
56 56
63 63
70 70
76 76
83 83
90 90
98 98
104 104
110 110
118 118
125 125
134 134
141 141
146 146
153 153
158 158
166 166
171 171
177 177
185 185
190 190
197 197
205 205
212 212
220 220
227 227
233 233
240 240
245 245
252 252
259 259
264 264
272 272
280 280
286 286
293 293
300 300
309 309
315 315
323 323
331 331
336 336
345 345
350 350
355 355
362 362
370 370
377 377
385 385
392 392
399 399
404 404
410 410
415 415
421 421
428 428
435 435
441 441
448 448
453 453
459 459
465 465
472 472
480 480
488 488
494 494
500 500
507 507
514 514
522 522
528 528
534 534
541 541
548 548
553 553
560 560
566 566
575 575
582 582
587 587
592 592
598 598
605 605
612 612
620 620
627 627
635 635
640 640
646 646
652 652
658 658
663 663
670 670
677 677
685 685
693 693
700 700
708 708
715 715
721 721
727 727
733 733
739 739
746 746
754 754
762 762
770 770
776 776
782 782
788 788
793 793
798 798
804 804
811 811
816 816
823 823
829 829
834 834
840 840
846 846
853 853
861 861
868 868
874 874
881 881
886 886
892 892
897 897
902 902
907 907
913 913
919 919
925 925
933 933
940 940
948 948
954 954
960 960
970 970
975 975
982 982
989 989
995 995
1001 1001
1007 1007
1014 1014
1020 1020
1026 1026
1031 1031
1036 1036
1042 1042
1049 1049
1056 1056
1064 1064
1069 1069
1075 1075
1081 1081
1087 1087
1093 1093
1103 1103
1109 1109
1115 1115
1124 1124
1132 1132
1141 1141
1149 1149
1155 1155
1162 1162
1169 1169
1176 1176
1184 1184
1190 1190
1195 1195
1200 1200
1206 1206
1213 1213
1219 1219
1226 1226
1233 1233
1239 1239
1246 1246
1252 1252
1261 1261
1269 1269
1277 1277
1284 1284
1291 1291
1296 1296
1305 1305
1310 1310
1315 1315
1320 1320
1325 1325
1332 1332
1341 1341
1349 1349
1356 1356
1362 1362
1370 1370
1375 1375
1380 1380
1385 1385
1391 1391
1397 1397
1405 1405
1412 1412
1418 1418
1424 1424
1431 1431
1436 1436
1443 1443
1452 1452
1458 1458
1464 1464
1471 1471
1478 1478
1486 1486
1493 1493
1501 1501
1507 1507
1515 1515
1524 1524
1531 1531
1540 1540
1547 1547
1553 1553
1558 1558
1564 1564
1573 1573
1580 1580
1587 1587
1592 1592
1598 1598
1605 1605
1611 1611
1616 1616
1623 1623
1629 1629
1634 1634
1640 1640
1647 1647
1655 1655
1662 1662
1667 1667
1674 1674
1681 1681
1689 1689
1697 1697
1702 1702
1708 1708
1713 1713
1718 1718
1724 1724
1730 1730
1736 1736
1742 1742
1748 1748
1755 1755
1761 1761
1766 1766
1771 1771
1776 1776
1782 1782
1789 1789
1794 1794
1801 1801
1808 1808
1815 1815
1823 1823
1829 1829
1836 1836
1842 1842
1849 1849
1856 1856
1862 1862
1870 1870
1878 1878
1885 1885
1892 1892
1899 1899
1904 1904
1910 1910
1915 1915
1921 1921
1928 1928
1933 1933
1939 1939
1945 1945
1952 1952
1958 1958
1964 1964
1970 1970
1976 1976
1982 1982
1988 1988
1994 1994
2000 2000
2006 2006
2011 2011
2016 2016
2023 2023
2028 2028
2034 2034
2039 2039
2044 2044
2052 2052
2060 2060
2067 2067
2072 2072
2078 2078
2084 2084
2089 2089
2096 2096
2102 2102
2108 2108
2113 2113
2120 2120
2126 2126
2132 2132
2138 2138
2144 2144
2151 2151
2157 2157
2162 2162
2168 2168
2174 2174
2180 2180
2188 2188
2195 2195
2201 2201
2208 2208
2214 2214
2222 2222
2230 2230
2236 2236
2242 2242
2251 2251
2257 2257
2265 2265
2272 2272
2281 2281
2288 2288
2295 2295
2301 2301
2306 2306
2314 2314
2321 2321
2327 2327
2334 2334
2340 2340
2346 2346
2355 2355
2364 2364
2370 2370
2377 2377
2384 2384
2391 2391
2397 2397
2403 2403
2410 2410
2419 2419
2427 2427
2433 2433
2441 2441
2450 2450
2457 2457
2463 2463
2472 2472
2479 2479
2486 2486
2492 2492
2498 2498
2505 2505
2513 2513
2520 2520
2525 2525
2531 2531
2539 2539
2546 2546
2554 2554
2560 2560
2567 2567
2573 2573
2579 2579
2585 2585
2592 2592
2600 2600
2607 2607
2613 2613
2619 2619
2625 2625
2631 2631
2637 2637
2643 2643
2649 2649
2656 2656
2661 2661
2666 2666
2673 2673
2680 2680
2686 2686
2692 2692
2698 2698
2703 2703
2709 2709
2714 2714
2722 2722
2729 2729
2735 2735
2741 2741
2747 2747
2755 2755
2765 2765
2771 2771
2778 2778
2785 2785
2794 2794
2800 2800
2807 2807
2813 2813
2820 2820
2825 2825
2831 2831
2836 2836
2841 2841
2847 2847
2853 2853
2858 2858
2864 2864
2871 2871
2878 2878
2884 2884
2889 2889
2894 2894
2900 2900
2905 2905
2910 2910
2915 2915
2920 2920
2926 2926
2931 2931
2937 2937
2942 2942
2948 2948
2953 2953
2958 2958
2963 2963
2969 2969
2978 2978
2983 2983
2990 2990
2996 2996
3002 3002
3009 3009
3016 3016
3025 3025
3033 3033
3041 3041
3046 3046
3052 3052
3060 3060
3067 3067
3075 3075
3082 3082
3090 3090
3097 3097
3102 3102
3107 3107
3114 3114
3120 3120
3127 3127
3135 3135
3142 3142
3147 3147
3153 3153
3159 3159
3165 3165
3171 3171
3178 3178
3184 3184
3192 3192
3199 3199
3204 3204
3210 3210
3217 3217
3224 3224
3230 3230
3236 3236
3244 3244
3251 3251
3257 3257
3262 3262
3267 3267
3275 3275
3283 3283
3289 3289
3298 3298
3305 3305
3311 3311
3316 3316
3322 3322
3329 3329
3336 3336
3343 3343
3349 3349
3355 3355
3362 3362
3371 3371
3377 3377
3382 3382
3389 3389
3395 3395
3402 3402
3409 3409
3415 3415
3421 3421
3428 3428
3435 3435
3441 3441
3447 3447
3454 3454
3459 3459
3465 3465
3470 3470
3477 3477
3484 3484
3491 3491
3497 3497
3502 3502
3507 3507
3513 3513
3518 3518
3525 3525
3530 3530
3536 3536
3541 3541
3548 3548
3553 3553
3558 3558
3563 3563
3568 3568
3573 3573
3578 3578
3584 3584
3590 3590
3595 3595
3601 3601
3607 3607
3614 3614
3620 3620
3626 3626
3632 3632
3640 3640
3649 3649
3655 3655
3660 3660
3666 3666
3674 3674
3680 3680
3686 3686
3691 3691
3696 3696
3701 3701
3706 3706
3711 3711
3719 3719
3727 3727
3734 3734
3742 3742
3750 3750
3757 3757
3765 3765
3770 3770
3777 3777
3782 3782
3790 3790
3797 3797
3803 3803
3810 3810
3815 3815
3821 3821
3829 3829
3838 3838
3843 3843
3851 3851
3857 3857
3863 3863
3869 3869
3874 3874
3881 3881
3888 3888
3896 3896
3904 3904
3910 3910
3919 3919
3926 3926
3933 3933
3939 3939
3947 3947
3955 3955
3962 3962
3967 3967
3973 3973
3978 3978
3983 3983
3990 3990
3996 3996
4002 4002
4007 4007
4012 4012
4019 4019
4025 4025
4031 4031
4036 4036
4045 4045
4054 4054
4062 4062
4070 4070
4077 4077
4083 4083
4089 4089
4095 4095
4101 4101
4108 4108
4115 4115
4123 4123
4131 4131
4137 4137
4144 4144
4150 4150
4156 4156
4163 4163
4171 4171
4178 4178
4185 4185
4192 4192
4199 4199
4206 4206
4212 4212
4219 4219
4227 4227
4234 4234
4239 4239
4245 4245
4252 4252
4258 4258
4265 4265
4272 4272
4279 4279
4285 4285
4291 4291
4297 4297
4303 4303
4309 4309
4316 4316
4323 4323
4329 4329
4336 4336
4342 4342
4351 4351
4358 4358
4364 4364
4369 4369
4374 4374
4379 4379
4385 4385
4390 4390
4395 4395
4400 4400
4405 4405
4410 4410
4416 4416
4423 4423
4431 4431
4437 4437
4442 4442
4449 4449
4454 4454
4460 4460
4466 4466
4474 4474
4480 4480
4487 4487
4492 4492
4498 4498
4503 4503
4508 4508
4513 4513
4519 4519
4524 4524
4529 4529
4535 4535
4540 4540
4547 4547
4552 4552
4559 4559
4566 4566
4572 4572
4578 4578
4586 4586
4593 4593
4602 4602
4610 4610
4616 4616
4622 4622
4629 4629
4634 4634
4640 4640
4645 4645
4651 4651
4657 4657
4663 4663
4671 4671
4677 4677
4683 4683
4689 4689
4697 4697
4702 4702
4708 4708
4713 4713
4718 4718
4724 4724
4732 4732
4738 4738
4745 4745
4750 4750
4756 4756
4762 4762
4769 4769
4776 4776
4782 4782
4791 4791
4798 4798
4804 4804
4811 4811
4819 4819
4826 4826
4831 4831
4840 4840
4847 4847
4854 4854
4861 4861
4867 4867
4873 4873
4879 4879
4884 4884
4889 4889
4894 4894
4899 4899
4904 4904
4909 4909
4914 4914
4919 4919
4924 4924
4929 4929
4935 4935
4943 4943
4948 4948
4954 4954
4959 4959
4964 4964
4969 4969
4974 4974
4979 4979
4984 4984
4989 4989
4994 4994
4999 4999
5004 5004
5014 5014
5020 5020
5025 5025
5032 5032
5037 5037
5043 5043
5050 5050
5056 5056
5064 5064
5071 5071
5079 5079
5086 5086
5093 5093
5099 5099
5106 5106
5112 5112
5118 5118
5126 5126
5134 5134
5139 5139
5146 5146
5151 5151
5158 5158
5166 5166
5173 5173
5178 5178
5185 5185
5191 5191
5197 5197
5204 5204
5211 5211
5218 5218
5225 5225
5232 5232
5241 5241
5247 5247
5254 5254
5259 5259
5265 5265
5270 5270
5275 5275
5280 5280
5285 5285
5290 5290
5295 5295
5300 5300
5305 5305
5310 5310
5315 5315
5321 5321
5326 5326
5331 5331
5337 5337
5342 5342
5347 5347
5353 5353
5361 5361
5369 5369
5375 5375
5381 5381
5388 5388
5394 5394
5400 5400
5405 5405
5411 5411
5418 5418
5425 5425
5432 5432
5440 5440
5446 5446
5454 5454
5461 5461
5466 5466
5471 5471
5478 5478
5485 5485
5491 5491
5497 5497
5504 5504
5510 5510
5516 5516
5522 5522
5530 5530
5536 5536
5541 5541
5549 5549
5555 5555
5562 5562
5570 5570
5578 5578
5584 5584
5592 5592
5601 5601
5608 5608
5614 5614
5620 5620
5626 5626
5632 5632
5638 5638
5644 5644
5652 5652
5660 5660
5667 5667
5675 5675
5682 5682
5689 5689
5695 5695
5701 5701
5706 5706
5711 5711
5717 5717
5722 5722
5728 5728
5734 5734
5740 5740
5745 5745
5750 5750
5755 5755
5762 5762
5770 5770
5776 5776
5782 5782
5788 5788
5795 5795
5801 5801
5808 5808
5814 5814
5820 5820
5826 5826
5832 5832
5838 5838
5843 5843
5850 5850
5857 5857
5864 5864
5870 5870
5875 5875
5882 5882
5888 5888
5894 5894
5900 5900
5907 5907
5914 5914
5919 5919
5926 5926
5931 5931
5937 5937
5944 5944
5951 5951
5956 5956
5962 5962
5968 5968
5976 5976
5982 5982
5987 5987
5992 5992
5997 5997
6002 6002
6007 6007
6012 6012
6017 6017
6022 6022
6027 6027
6032 6032
6037 6037
6042 6042
6048 6048
6053 6053
6058 6058
6063 6063
6068 6068
6073 6073
6078 6078
6083 6083
6088 6088
6093 6093
6098 6098
6103 6103
6108 6108
6113 6113
6119 6119
6124 6124
6129 6129
6134 6134
6139 6139
6144 6144
6149 6149
6154 6154
6159 6159
6164 6164
6169 6169
6174 6174
6179 6179
6184 6184
6189 6189
6194 6194
6199 6199
6204 6204
6209 6209
6215 6215
6220 6220
6224 6224
6229 6229
6231 6229
6235 6233
6240 6238
6245 6242
6251 6248
6256 6253
6261 6258
6267 6264
6272 6269
6277 6274
6282 6279
6287 6284
6292 6289
6297 6294
6302 6299
6307 6304
6312 6309
6317 6314
6322 6319
6328 6325
6333 6330
6338 6335
6345 6342
6350 6347
6355 6352
6361 6358
6366 6363
6371 6368
6376 6373
6382 6379
6387 6384
6392 6389
6397 6394
6402 6399
6408 6405
6413 6410
6418 6415
6423 6420
6428 6425
6433 6430
6438 6435
6443 6440
6450 6447
6455 6452
6462 6459
6467 6464
6473 6470
6478 6475
6483 6480
6489 6486
6495 6492
6500 6497
6505 6502
6511 6508
6516 6513
6521 6518
6523 6520
6528 6525
6533 6530
6538 6534
6543 6539
6548 6543
6553 6548
6558 6553
6563 6558
6568 6563
6573 6568
6578 6573
6583 6578
6588 6583
6593 6588
6599 6594
6603 6597
6608 6601
6613 6605
6618 6610
6623 6615
6628 6620
6633 6625
6638 6630
6643 6635
6648 6639
6653 6643
6658 6648
6663 6651
6670 6658
6675 6663
6680 6668
6685 6673
6690 6678
6695 6683
6700 6688
6705 6693
6710 6698
6715 6703
6720 6707
6725 6711
6730 6715
6735 6720
6740 6725
6745 6730
6750 6735
6755 6740
6760 6745
6765 6750
6770 6755
6775 6760
6780 6765
6785 6770
6790 6774
6795 6778
6800 6783
6805 6787
6810 6791
6815 6796
6821 6801
6826 6806
6832 6811
6837 6816
6842 6821
6847 6826
6852 6831
6857 6836
6862 6840
6867 6845
6872 6850
6877 6853
6882 6856
6887 6860
6892 6865
6897 6869
6902 6874
6907 6879
6912 6884
6917 6889
6922 6894
6927 6899
6932 6904
6937 6909
6942 6914
6947 6919
6952 6924
6957 6929
6962 6934
6967 6939
6974 6946
6977 6948
6977 6943
6980 6938
6985 6943
6990 6946
6995 6951
7000 6956
7005 6961
7010 6966
7015 6971
7021 6977
7026 6982
7031 6984
7036 6987
7041 6992
7046 6997
7051 7002
7056 7006
7061 7011
7066 7016
7071 7021
7076 7025
7081 7030
7086 7035
7091 7038
7096 7042
7102 7048
7107 7053
7112 7058
7117 7063
7122 7068
7127 7073
7132 7078
7137 7083
7142 7088
7147 7093
7152 7098
7157 7103
7162 7108
7167 7113
7170 7116
7175 7121
7180 7126
7185 7131
7190 7134
7195 7137
7201 7143
7206 7148
7211 7153
7216 7158
7221 7163
7226 7168
7231 7173
7236 7178
7241 7183
7246 7188
7251 7192
7256 7194
7262 7199
7267 7204
7272 7209
7277 7214
7281 7218
7286 7223
7291 7228
7296 7233
7301 7238
7306 7243
7311 7248
7316 7253
7321 7258
7326 7263
7331 7268
7336 7273
7341 7278
7346 7282
7351 7287
7356 7292
7361 7297
7366 7301
7371 7305
7376 7309
7381 7314
7386 7319
7391 7324
7396 7329
7402 7335
7408 7341
7413 7346
7418 7351
7423 7356
7428 7361
7433 7366
7438 7371
7443 7376
7448 7379
7453 7382
7458 7386
7463 7390
7468 7391
7473 7395
7478 7400
7483 7405
7488 7410
7493 7415
7498 7419
7503 7424
7508 7426
7513 7430
7518 7435
7523 7440
7528 7445
7533 7450
7538 7455
7543 7458
7548 7463
7553 7468
7558 7472
7563 7477
7568 7481
7573 7486
7578 7491
7583 7495
7588 7499
7593 7502
7598 7506
7603 7509
7608 7513
7613 7515
7618 7518
7623 7523
7628 7527
7633 7532
7638 7537
7643 7542
7648 7547
7653 7552
7658 7557
7663 7562
7668 7566
7673 7569
7678 7574
7683 7578
7688 7582
7693 7585
7698 7589
7703 7591
7708 7594
7713 7596
7718 7600
7723 7603
7728 7608
7733 7612
7738 7616
7743 7620
7748 7624
7753 7628
7758 7632
7763 7636
7768 7641
7773 7646
7778 7649
7783 7653
7788 7654
7793 7657
7798 7660
7803 7664
7808 7669
7813 7673
7818 7677
7823 7681
7828 7686
7833 7691
7838 7695
7843 7700
7848 7705
7853 7710
7858 7715
7858 7714
7858 7712
7858 7709
7858 7709
7858 7700
7858 7700
7858 7694
7858 7687
7859 7688
7864 7689
7869 7692
7874 7697
7879 7702
7884 7704
7889 7707
7894 7709
7899 7710
7904 7715
7909 7719
7914 7724
7919 7729
7924 7734
7929 7738
7934 7742
7939 7746
7944 7750
7949 7755
7954 7760
7959 7765
7964 7769
7969 7772
7974 7776
7978 7779
7983 7784
7984 7782
7989 7786
7994 7786
7999 7790
8004 7792
8009 7797
8014 7802
8019 7807
8024 7812
8029 7817
8035 7823
8040 7828
8045 7833
8049 7837
8052 7840
8052 7834
8052 7830
8052 7830
8052 7830
8052 7825
8052 7825
8052 7825
8052 7825
8052 7825
8052 7825
8053 7825
8058 7828
8063 7830
8068 7835
8073 7839
8078 7844
8083 7849
8088 7854
8093 7859
8098 7864
8103 7869
8108 7874
8113 7878
8118 7879
8123 7882
8128 7886
8133 7888
8138 7889
8143 7893
8148 7898
8153 7902
8158 7906
8163 7910
8168 7915
8173 7917
8178 7921
8183 7926
8188 7930
8193 7935
8198 7939
8203 7943
8208 7946
8214 7952
8219 7957
8224 7957
8229 7961
8234 7965
8239 7968
8244 7973
8249 7976
8254 7979
8259 7981
8264 7984
8269 7986
8274 7990
8279 7994
8284 7998
8289 8000
8294 8004
8299 8008
8304 8010
8309 8013
8314 8017
8319 8022
8324 8025
8329 8029
8334 8033
8339 8038
8344 8043
8349 8046
8354 8050
8359 8055
8361 8054
8361 8052
8361 8052
8361 8052
8361 8049
8361 8049
8361 8049
8361 8049
8361 8049
8361 8049
8361 8049
8363 8050
8368 8054
8373 8057
8378 8058
8383 8059
8388 8060
8393 8063
8398 8067
8403 8070
8408 8073
8413 8077
8418 8082
8423 8084
8428 8088
8433 8091
8438 8092
8443 8097
8448 8101
8453 8103
8458 8107
8463 8112
8468 8112
8473 8114
8478 8119
8483 8121
8488 8124
8493 8127
8498 8130
8503 8132
8508 8133
8513 8136
8518 8138
8523 8141
8528 8144
8533 8148
8538 8151
8543 8152
8548 8152
8553 8153
8558 8155
8563 8160
8569 8166
8575 8172
8580 8177
8585 8182
8590 8186
8595 8189
8600 8194
8605 8197
8610 8202
8615 8205
8620 8208
8625 8213
8630 8215
8635 8220
8640 8225
8645 8230
8650 8235
8655 8240
8659 8243
8664 8245
8669 8249
8674 8251
8679 8252
8684 8254
8689 8256
8694 8261
8699 8264
8704 8267
8709 8267
8714 8268
8719 8271
8724 8276
8729 8281
8734 8283
8739 8285
8744 8287
8749 8290
8754 8293
8759 8297
8764 8301
8769 8306
8774 8309
8779 8313
8784 8316
8789 8320
8794 8324
8799 8329
8804 8333
8809 8338
8814 8343
8819 8348
8824 8353
8829 8357
8834 8359
8839 8361
8844 8366
8850 8372
8855 8377
8860 8382
8865 8387
8870 8392
8875 8396
8880 8400
8885 8405
8890 8409
8895 8411
8900 8414
8905 8415
8910 8418
8915 8420
8920 8425
8925 8429
8930 8429
8935 8433
8940 8436
8943 8437
8948 8441
8953 8445
8958 8446
8963 8448
8968 8451
8973 8453
8978 8454
8983 8456
8988 8459
8993 8462
8998 8465
9003 8467
9008 8469
9013 8472
9018 8475
9023 8476
9028 8477
9033 8482
9038 8487
9043 8490
9048 8493
9053 8497
9058 8500
9063 8504
9068 8509
9073 8513
9078 8515
9083 8516
9088 8519
9093 8521
9098 8524
9103 8529
9108 8531
9113 8534
9118 8536
9123 8540
9128 8545
9133 8548
9138 8552
9143 8556
9148 8560
9153 8564
9158 8565
9160 8566
9160 8564
9163 8564
9168 8565
9173 8566
9178 8569
9181 8572
9183 8572
9183 8571
9183 8569
9183 8567
9183 8564
9183 8558
9183 8558
9183 8549
9183 8549
9183 8542
9183 8535
9183 8527
9188 8529
9193 8531
9198 8535
9203 8540
9208 8543
9213 8547
9218 8550
9223 8551
9228 8556
9233 8558
9238 8560
9243 8562
9248 8564
9253 8567
9258 8567
9263 8569
9268 8572
9273 8575
9278 8577
9283 8580
9288 8581
9293 8585
9298 8590
9303 8594
9308 8597
9313 8599
9318 8601
9323 8602
9328 8604
9333 8606
9338 8609
9343 8612
9348 8616
9353 8617
9358 8618
9363 8622
9368 8627
9373 8631
9378 8634
9383 8638
9388 8640
9393 8642
9398 8644
9403 8646
9408 8650
9413 8653
9418 8657
9423 8661
9428 8664
9433 8667
9438 8670
9443 8673
9448 8677
9453 8681
9458 8682
9463 8685
9468 8690
9473 8694
9478 8695
9483 8697
9488 8700
9493 8705
9498 8710
9503 8714
9508 8718
9513 8722
9518 8726
9523 8730
9528 8734
9533 8737
9538 8738
9543 8741
9548 8743
9553 8746
9558 8749
9563 8751
9568 8755
9573 8757
9578 8761
9583 8762
9588 8763
9593 8764
9598 8764
9603 8765
9608 8766
9613 8767
9618 8771
9623 8774
9628 8774
9633 8775
9638 8779
9643 8783
9648 8788
9653 8792
9658 8794
9663 8799
9668 8802
9673 8806
9678 8810
9683 8813
9688 8815
9693 8818
9698 8821
9703 8825
9708 8828
9713 8829
9718 8831
9718 8831
9718 8831
9718 8831
9718 8831
9718 8830
9721 8831
9726 8831
9731 8832
9735 8834
9740 8836
9745 8836
9745 8835
9745 8833
9745 8833
9745 8833
9745 8830
9745 8830
9745 8830
9745 8826
9745 8826
9745 8826
9745 8821
9745 8821
9745 8815
9745 8815
9745 8808
9745 8808
9745 8808
9745 8808
9745 8808
9745 8800
9747 8800
9752 8801
9757 8801
9762 8801
9767 8801
9772 8802
9777 8805
9782 8807
9787 8809
9792 8812
9797 8813
9802 8813
9807 8814
9812 8814
9817 8814
9822 8815
9827 8816
9832 8819
9837 8822
9842 8827
9847 8830
9852 8833
9857 8836
9862 8841
9867 8846
9872 8847
9877 8850
9882 8855
9887 8860
9892 8865
9897 8869
9902 8874
9907 8878
9912 8882
9917 8887
9922 8892
9927 8897
9932 8900
9937 8904
9942 8907
9947 8910
9952 8910
9957 8913
9962 8917
9967 8919
9972 8921
9977 8924
9982 8927
9987 8931
9992 8936
9997 8940
10002 8944
10007 8949
10012 8953
10017 8957
10022 8961
10027 8964
10032 8967
10037 8972
10042 8976
10047 8981
10052 8986
10057 8991
10062 8994
10067 8999
10072 9002
10077 9002
10082 9002
10087 9002
10092 9002
10097 9002
10102 9002
10107 9002
10112 9002
10117 9002
10122 9003
10127 9005
10132 9006
10137 9006
10142 9008
10147 9010
10152 9014
10157 9019
10162 9024
10167 9029
10172 9034
10177 9037
10182 9041
10187 9044
10192 9045
10197 9048
10202 9053
10207 9058
10212 9063
10217 9066
10222 9071
10227 9075
10232 9080
10237 9084
10242 9089
10247 9094
10252 9097
10257 9101
10262 9105
10267 9108
10272 9109
10277 9112
10282 9116
10287 9120
10292 9124
10297 9128
10302 9132
10307 9136
10312 9140
10317 9144
10322 9148
10327 9153
10332 9158
10337 9163
10342 9168
10347 9169
10352 9170
10357 9170
10362 9171
10367 9171
10372 9171
10377 9174
10382 9174
10387 9174
10392 9174
10397 9174
10402 9174
10407 9174
10412 9174
10417 9175
10422 9175
10427 9175
10432 9175
10437 9175
10442 9177
10447 9182
10452 9187
10457 9192
10462 9193
10467 9193
10472 9194
10477 9196
10482 9197
10487 9197
10492 9199
10497 9199
10502 9202
10507 9205
10512 9207
10517 9207
10522 9208
10527 9209
10532 9210
10537 9212
10542 9212
10547 9212
10552 9214
10557 9219
10562 9224
10567 9229
10572 9234
10577 9239
10582 9243
10587 9247
10592 9252
10597 9255
10602 9258
10607 9262
10612 9267
10617 9270
10622 9272
10627 9275
10632 9279
10637 9279
10642 9279
10647 9279
10652 9280
10657 9281
10662 9281
10667 9283
10672 9284
10677 9284
10682 9286
10687 9288
10692 9291
10697 9293
10702 9297
10707 9299
10712 9299
10717 9302
10722 9302
10727 9304
10732 9304
10737 9304
10742 9309
10747 9311
10752 9312
10757 9317
10762 9319
10767 9320
10772 9320
10777 9323
10782 9327
10787 9332
10792 9337
10797 9342
10802 9345
10807 9348
10812 9351
10817 9351
10822 9352
10827 9352
10832 9353
10837 9354
10837 7554
10832 7553
10827 7552
10822 7552
10817 7551
10812 7551
10807 7548
10802 7545
10797 7542
10792 7537
10787 7532
10782 7527
10777 7523
10772 7520
10767 7520
10762 7519
10757 7517
10752 7512
10747 7511
10742 7509
10737 7504
10732 7504
10727 7504
10722 7502
10717 7502
10712 7499
10707 7499
10702 7497
10697 7493
10692 7491
10687 7488
10682 7486
10677 7484
10672 7484
10667 7483
10662 7481
10657 7481
10652 7480
10647 7479
10642 7479
10637 7479
10632 7479
10627 7475
10622 7472
10617 7470
10612 7467
10607 7462
10602 7458
10597 7455
10592 7452
10587 7447
10582 7443
10577 7439
10572 7434
10567 7429
10562 7424
10557 7419
10552 7414
10547 7412
10542 7412
10537 7412
10532 7410
10527 7409
10522 7408
10517 7407
10512 7407
10507 7405
10502 7402
10497 7399
10492 7399
10487 7397
10482 7397
10477 7396
10472 7394
10467 7393
10462 7393
10457 7392
10452 7387
10447 7382
10442 7377
10437 7375
10432 7375
10427 7375
10422 7375
10417 7375
10412 7374
10407 7374
10402 7374
10397 7374
10392 7374
10387 7374
10382 7374
10377 7374
10372 7371
10367 7371
10362 7371
10357 7370
10352 7370
10347 7369
10342 7368
10337 7363
10332 7358
10327 7353
10322 7348
10317 7344
10312 7340
10307 7336
10302 7332
10297 7328
10292 7324
10287 7320
10282 7316
10277 7312
10272 7309
10267 7308
10262 7305
10257 7301
10252 7297
10247 7294
10242 7289
10237 7284
10232 7280
10227 7275
10222 7271
10217 7266
10212 7263
10207 7258
10202 7253
10197 7248
10192 7245
10187 7244
10182 7241
10177 7237
10172 7234
10167 7229
10162 7224
10157 7219
10152 7214
10147 7210
10142 7208
10137 7206
10132 7206
10127 7205
10122 7203
10117 7202
10112 7202
10107 7202
10102 7202
10097 7202
10092 7202
10087 7202
10082 7202
10077 7202
10072 7202
10067 7199
10062 7194
10057 7191
10052 7186
10047 7181
10042 7176
10037 7172
10032 7167
10027 7164
10022 7161
10017 7157
10012 7153
10007 7149
10002 7144
9997 7140
9992 7136
9987 7131
9982 7127
9977 7124
9972 7121
9967 7119
9962 7117
9957 7113
9952 7110
9947 7110
9942 7107
9937 7104
9932 7100
9927 7097
9922 7092
9917 7087
9912 7082
9907 7078
9902 7074
9897 7069
9892 7065
9887 7060
9882 7055
9877 7050
9872 7047
9867 7046
9862 7041
9857 7036
9852 7033
9847 7030
9842 7027
9837 7022
9832 7019
9827 7016
9822 7015
9817 7014
9812 7014
9807 7014
9802 7013
9797 7013
9792 7012
9787 7009
9782 7007
9777 7005
9772 7002
9767 7001
9762 7001
9757 7001
9752 7001
9747 7000
9745 6994
9745 6984
9745 6974
9745 6964
9745 6954
9745 6944
9745 6934
9745 6924
9745 6914
9745 6904
9745 6894
9745 6884
9745 6874
9745 6864
9745 6854
9745 6844
9745 6834
9745 6824
9745 6814
9745 6804
9745 6794
9740 6794
9735 6792
9731 6788
9726 6787
9721 6787
9718 6782
9718 6772
9718 6762
9718 6752
9718 6742
9718 6732
9713 6730
9708 6729
9703 6726
9698 6722
9693 6719
9688 6716
9683 6714
9678 6711
9673 6707
9668 6703
9663 6700
9658 6695
9653 6693
9648 6689
9643 6684
9638 6680
9633 6676
9628 6675
9623 6675
9618 6672
9613 6668
9608 6667
9603 6666
9598 6665
9593 6665
9588 6664
9583 6663
9578 6662
9573 6658
9568 6656
9563 6652
9558 6650
9553 6647
9548 6644
9543 6642
9538 6639
9533 6638
9528 6635
9523 6631
9518 6627
9513 6623
9508 6619
9503 6615
9498 6611
9493 6606
9488 6601
9483 6598
9478 6596
9473 6595
9468 6591
9463 6586
9458 6583
9453 6582
9448 6578
9443 6574
9438 6571
9433 6568
9428 6565
9423 6562
9418 6558
9413 6554
9408 6551
9403 6547
9398 6545
9393 6543
9388 6541
9383 6539
9378 6535
9373 6532
9368 6528
9363 6523
9358 6519
9353 6518
9348 6517
9343 6513
9338 6510
9333 6507
9328 6505
9323 6503
9318 6502
9313 6500
9308 6498
9303 6495
9298 6491
9293 6486
9288 6482
9283 6481
9278 6478
9273 6476
9268 6473
9263 6470
9258 6468
9253 6468
9248 6465
9243 6463
9238 6461
9233 6459
9228 6457
9223 6452
9218 6451
9213 6448
9208 6444
9203 6441
9198 6436
9193 6432
9188 6430
9183 6428
9183 6418
9183 6408
9183 6398
9183 6388
9183 6378
9183 6368
9183 6358
9183 6348
9183 6338
9183 6328
9183 6318
9181 6312
9178 6305
9173 6302
9168 6301
9163 6300
9160 6296
9160 6286
9158 6279
9153 6278
9148 6274
9143 6270
9138 6266
9133 6262
9128 6259
9123 6254
9118 6250
9113 6248
9108 6245
9103 6243
9098 6238
9093 6235
9088 6233
9083 6230
9078 6229
9073 6227
9068 6223
9063 6218
9058 6214
9053 6211
9048 6207
9043 6204
9038 6201
9033 6196
9028 6191
9023 6190
9018 6189
9013 6186
9008 6183
9003 6181
8998 6179
8993 6176
8988 6173
8983 6170
8978 6168
8973 6167
8968 6165
8963 6162
8958 6160
8953 6159
8948 6155
8943 6151
8940 6144
8935 6141
8930 6137
8925 6137
8920 6133
8915 6128
8910 6126
8905 6123
8900 6122
8895 6119
8890 6117
8885 6113
8880 6108
8875 6104
8870 6100
8865 6095
8860 6090
8855 6085
8850 6080
8844 6076
8839 6071
8834 6069
8829 6067
8824 6063
8819 6058
8814 6053
8809 6048
8804 6043
8799 6039
8794 6034
8789 6030
8784 6026
8779 6023
8774 6019
8769 6016
8764 6011
8759 6007
8754 6003
8749 6000
8744 5997
8739 5995
8734 5993
8729 5991
8724 5986
8719 5981
8714 5978
8709 5977
8704 5977
8699 5974
8694 5971
8689 5966
8684 5964
8679 5962
8674 5961
8669 5959
8664 5955
8659 5953
8655 5948
8650 5943
8645 5938
8640 5933
8635 5928
8630 5923
8625 5921
8620 5916
8615 5913
8610 5910
8605 5905
8600 5902
8595 5897
8590 5894
8585 5890
8580 5885
8575 5880
8569 5876
8563 5872
8558 5867
8553 5865
8548 5864
8543 5864
8538 5863
8533 5860
8528 5856
8523 5853
8518 5850
8513 5848
8508 5845
8503 5844
8498 5842
8493 5839
8488 5836
8483 5833
8478 5831
8473 5826
8468 5824
8463 5824
8458 5819
8453 5815
8448 5813
8443 5809
8438 5804
8433 5803
8428 5800
8423 5796
8418 5794
8413 5789
8408 5785
8403 5782
8398 5779
8393 5775
8388 5772
8383 5771
8378 5770
8373 5769
8368 5766
8363 5762
8361 5755
8361 5745
8361 5735
8361 5725
8361 5715
8361 5705
8361 5695
8361 5685
8361 5675
8361 5665
8361 5655
8359 5649
8354 5644
8349 5640
8344 5637
8339 5632
8334 5627
8329 5623
8324 5619
8319 5616
8314 5611
8309 5607
8304 5604
8299 5602
8294 5598
8289 5594
8284 5592
8279 5588
8274 5584
8269 5580
8264 5578
8259 5575
8254 5573
8249 5570
8244 5567
8239 5562
8234 5559
8229 5555
8224 5551
8219 5551
8214 5546
8208 5542
8203 5539
8198 5535
8193 5531
8188 5526
8183 5522
8178 5517
8173 5513
8168 5511
8163 5506
8158 5502
8153 5498
8148 5494
8143 5489
8138 5485
8133 5484
8128 5482
8123 5478
8118 5475
8113 5474
8108 5470
8103 5465
8098 5460
8093 5455
8088 5450
8083 5445
8078 5440
8073 5435
8068 5431
8063 5426
8058 5424
8053 5421
8052 5413
8052 5403
8052 5393
8052 5383
8052 5373
8052 5363
8052 5353
8052 5343
8052 5333
8052 5323
8052 5313
8049 5306
8045 5300
8040 5295
8035 5290
8029 5286
8024 5281
8019 5276
8014 5271
8009 5266
8004 5261
7999 5259
7994 5255
7989 5255
7984 5251
7983 5242
7978 5237
7974 5232
7969 5228
7964 5225
7959 5221
7954 5216
7949 5211
7944 5206
7939 5202
7934 5198
7929 5194
7924 5190
7919 5185
7914 5180
7909 5175
7904 5171
7899 5166
7894 5165
7889 5163
7884 5160
7879 5158
7874 5153
7869 5148
7864 5145
7859 5144
7858 5135
7858 5125
7858 5115
7858 5105
7858 5095
7858 5085
7858 5075
7858 5065
7858 5055
7853 5050
7848 5045
7843 5040
7838 5035
7833 5031
7828 5026
7823 5021
7818 5017
7813 5013
7808 5009
7803 5004
7798 5000
7793 4997
7788 4994
7783 4993
7778 4989
7773 4986
7768 4981
7763 4976
7758 4972
7753 4968
7748 4964
7743 4960
7738 4956
7733 4952
7728 4948
7723 4943
7718 4940
7713 4936
7708 4934
7703 4931
7698 4929
7693 4925
7688 4922
7683 4918
7678 4914
7673 4909
7668 4906
7663 4902
7658 4897
7653 4892
7648 4887
7643 4882
7638 4877
7633 4872
7628 4867
7623 4863
7618 4858
7613 4855
7608 4853
7603 4849
7598 4846
7593 4842
7588 4839
7583 4835
7578 4831
7573 4826
7568 4821
7563 4817
7558 4812
7553 4808
7548 4803
7543 4798
7538 4795
7533 4790
7528 4785
7523 4780
7518 4775
7513 4770
7508 4766
7503 4764
7498 4759
7493 4755
7488 4750
7483 4745
7478 4740
7473 4735
7468 4731
7463 4730
7458 4726
7453 4722
7448 4719
7443 4716
7438 4711
7433 4706
7428 4701
7423 4696
7418 4691
7413 4686
7408 4681
7402 4677
7396 4673
7391 4668
7386 4663
7381 4658
7376 4653
7371 4649
7366 4645
7361 4641
7356 4636
7351 4631
7346 4626
7341 4622
7336 4617
7331 4612
7326 4607
7321 4602
7316 4597
7311 4592
7306 4587
7301 4582
7296 4577
7291 4572
7286 4567
7281 4562
7277 4556
7272 4551
7267 4546
7262 4541
7256 4538
7251 4536
7246 4532
7241 4527
7236 4522
7231 4517
7226 4512
7221 4507
7216 4502
7211 4497
7206 4492
7201 4487
7195 4483
7190 4480
7185 4477
7180 4472
7175 4467
7170 4462
7167 4455
7162 4450
7157 4445
7152 4440
7147 4435
7142 4430
7137 4425
7132 4420
7127 4415
7122 4410
7117 4405
7112 4400
7107 4395
7102 4390
7096 4386
7091 4382
7086 4379
7081 4374
7076 4369
7071 4365
7066 4360
7061 4355
7056 4350
7051 4346
7046 4341
7041 4336
7036 4331
7031 4328
7026 4326
7021 4321
7015 4317
7010 4312
7005 4307
7000 4302
6995 4297
6990 4292
6985 4289
6980 4284
6977 4277
6977 4267
6974 4260
6967 4257
6962 4252
6957 4247
6952 4242
6947 4237
6942 4232
6937 4227
6932 4222
6927 4217
6922 4212
6917 4207
6912 4202
6907 4197
6902 4192
6897 4187
6892 4183
6887 4178
6882 4174
6877 4171
6872 4168
6867 4163
6862 4158
6857 4154
6852 4149
6847 4144
6842 4139
6837 4134
6832 4129
6826 4126
6821 4121
6815 4118
6810 4113
6805 4109
6800 4105
6795 4100
6790 4096
6785 4092
6780 4087
6775 4082
6770 4077
6765 4072
6760 4067
6755 4062
6750 4057
6745 4052
6740 4047
6735 4042
6730 4037
6725 4033
6720 4029
6715 4025
6710 4020
6705 4015
6700 4010
6695 4005
6690 4000
6685 3995
6680 3990
6675 3985
6670 3980
6663 3977
6658 3974
6653 3969
6648 3965
6643 3961
6638 3956
6633 3951
6628 3946
6623 3941
6618 3936
6613 3931
6608 3927
6603 3923
6599 3918
6593 3914
6588 3909
6583 3904
6578 3899
6573 3894
6568 3889
6563 3884
6558 3879
6553 3874
6548 3869
6543 3865
6538 3860
6533 3856
6528 3851
6523 3846
6521 3838
6516 3833
6511 3828
6505 3824
6500 3819
6495 3814
6489 3810
6483 3806
6478 3801
6473 3796
6467 3792
6462 3787
6455 3784
6450 3779
6443 3776
6438 3771
6433 3766
6428 3761
6423 3756
6418 3751
6413 3746
6408 3741
6402 3737
6397 3732
6392 3727
6387 3722
6382 3717
6376 3713
6371 3708
6366 3703
6361 3698
6355 3694
6350 3689
6345 3684
6338 3681
6333 3676
6328 3671
6322 3667
6317 3662
6312 3657
6307 3652
6302 3647
6297 3642
6292 3637
6287 3632
6282 3627
6277 3622
6272 3617
6267 3612
6261 3608
6256 3603
6251 3598
6245 3594
6240 3590
6235 3585
6231 3579
6229 3571
6224 3566
6220 3560
6215 3555
6209 3551
6204 3546
6199 3541
6194 3536
6189 3531
6184 3526
6179 3521
6174 3516
6169 3511
6164 3506
6159 3501
6154 3496
6149 3491
6144 3486
6139 3481
6134 3476
6129 3471
6124 3466
6119 3461
6113 3457
6108 3452
6103 3447
6098 3442
6093 3437
6088 3432
6083 3427
6078 3422
6073 3417
6068 3412
6063 3407
6058 3402
6053 3397
6048 3392
6042 3388
6037 3383
6032 3378
6027 3373
6022 3368
6017 3363
6012 3358
6007 3353
6002 3348
5997 3343
5992 3338
5987 3333
5982 3328
5976 3324
5968 3322
5962 3318
5956 3314
5951 3309
5944 3306
5937 3303
5931 3299
5926 3294
5919 3291
5914 3286
5907 3283
5900 3280
5894 3276
5888 3272
5882 3268
5875 3265
5870 3260
5864 3256
5857 3253
5850 3250
5843 3247
5838 3242
5832 3238
5826 3234
5820 3230
5814 3226
5808 3222
5801 3219
5795 3215
5788 3212
5782 3208
5776 3204
5770 3200
5762 3198
5755 3195
5750 3190
5745 3185
5740 3180
5734 3176
5728 3172
5722 3168
5717 3163
5711 3159
5706 3154
5701 3149
5695 3145
5689 3141
5682 3138
5675 3135
5667 3133
5660 3130
5652 3128
5644 3126
5638 3122
5632 3118
5626 3114
5620 3110
5614 3106
5608 3102
5601 3099
5592 3098
5584 3096
5578 3092
5570 3090
5562 3088
5555 3085
5549 3081
5541 3079
5536 3074
5530 3070
5522 3068
5516 3064
5510 3060
5504 3056
5497 3053
5491 3049
5485 3045
5478 3042
5471 3039
5466 3034
5461 3029
5454 3026
5446 3024
5440 3020
5432 3018
5425 3015
5418 3012
5411 3009
5405 3005
5400 3000
5394 2996
5388 2992
5381 2989
5375 2985
5369 2981
5361 2979
5353 2977
5347 2973
5342 2968
5337 2963
5331 2959
5326 2954
5321 2949
5315 2945
5310 2940
5305 2935
5300 2930
5295 2925
5290 2920
5285 2915
5280 2910
5275 2905
5270 2900
5265 2895
5259 2891
5254 2886
5247 2883
5241 2879
5232 2878
5225 2875
5218 2872
5211 2869
5204 2866
5197 2863
5191 2859
5185 2855
5178 2852
5173 2847
5166 2844
5158 2842
5151 2839
5146 2834
5139 2831
5134 2826
5126 2824
5118 2822
5112 2818
5106 2814
5099 2811
5093 2807
5086 2804
5079 2801
5071 2799
5064 2796
5056 2794
5050 2790
5043 2787
5037 2783
5032 2778
5025 2775
5020 2770
5014 2766
5004 2766
4999 2761
4994 2756
4989 2751
4984 2746
4979 2741
4974 2736
4969 2731
4964 2726
4959 2721
4954 2716
4948 2712
4943 2707
4935 2705
4929 2701
4924 2696
4919 2691
4914 2686
4909 2681
4904 2676
4899 2671
4894 2666
4889 2661
4884 2656
4879 2651
4873 2647
4867 2643
4861 2639
4854 2636
4847 2633
4840 2630
4831 2629
4826 2624
4819 2621
4811 2619
4804 2616
4798 2612
4791 2609
4782 2608
4776 2604
4769 2601
4762 2598
4756 2594
4750 2590
4745 2585
4738 2582
4732 2578
4724 2576
4718 2572
4713 2567
4708 2562
4702 2558
4697 2553
4689 2551
4683 2547
4677 2543
4671 2539
4663 2537
4657 2533
4651 2529
4645 2525
4640 2520
4634 2516
4629 2511
4622 2508
4616 2504
4610 2500
4602 2498
4593 2497
4586 2494
4578 2492
4572 2488
4566 2484
4559 2481
4552 2478
4547 2473
4540 2470
4535 2465
4529 2461
4524 2456
4519 2451
4513 2447
4508 2442
4503 2437
4498 2432
4492 2428
4487 2423
4480 2420
4474 2416
4466 2414
4460 2410
4454 2406
4449 2401
4442 2398
4437 2393
4431 2389
4423 2387
4416 2384
4410 2380
4405 2375
4400 2370
4395 2365
4390 2360
4385 2355
4379 2351
4374 2346
4369 2341
4364 2336
4358 2332
4351 2329
4342 2328
4336 2324
4329 2321
4323 2317
4316 2314
4309 2311
4303 2307
4297 2303
4291 2299
4285 2295
4279 2291
4272 2288
4265 2285
4258 2282
4252 2278
4245 2275
4239 2271
4234 2266
4227 2263
4219 2261
4212 2258
4206 2254
4199 2251
4192 2248
4185 2245
4178 2242
4171 2239
4163 2237
4156 2234
4150 2230
4144 2226
4137 2223
4131 2219
4123 2217
4115 2215
4108 2212
4101 2209
4095 2205
4089 2201
4083 2197
4077 2193
4070 2190
4062 2188
4054 2186
4045 2185
4036 2184
4031 2179
4025 2175
4019 2171
4012 2168
4007 2163
4002 2158
3996 2154
3990 2150
3983 2147
3978 2142
3973 2137
3967 2133
3962 2128
3955 2125
3947 2123
3939 2121
3933 2117
3926 2114
3919 2111
3910 2110
3904 2106
3896 2104
3888 2102
3881 2099
3874 2096
3869 2091
3863 2087
3857 2083
3851 2079
3843 2077
3838 2072
3829 2071
3821 2069
3815 2065
3810 2060
3803 2057
3797 2053
3790 2050
3782 2048
3777 2043
3770 2040
3765 2035
3757 2033
3750 2030
3742 2028
3734 2026
3727 2023
3719 2021
3711 2019
3706 2014
3701 2009
3696 2004
3691 1999
3686 1994
3680 1990
3674 1986
3666 1984
3660 1980
3655 1975
3649 1971
3640 1970
3632 1968
3626 1964
3620 1960
3614 1956
3607 1953
3601 1949
3595 1945
3590 1940
3584 1936
3578 1932
3573 1927
3568 1922
3563 1917
3558 1912
3553 1907
3548 1902
3541 1899
3536 1894
3530 1890
3525 1885
3518 1882
3513 1877
3507 1873
3502 1868
3497 1863
3491 1859
3484 1856
3477 1853
3470 1850
3465 1845
3459 1841
3454 1836
3447 1833
3441 1829
3435 1825
3428 1822
3421 1819
3415 1815
3409 1811
3402 1808
3395 1805
3389 1801
3382 1798
3377 1793
3371 1789
3362 1788
3355 1785
3349 1781
3343 1777
3336 1774
3329 1771
3322 1768
3316 1764
3311 1759
3305 1755
3298 1752
3289 1751
3283 1747
3275 1745
3267 1743
3262 1738
3257 1733
3251 1729
3244 1726
3236 1724
3230 1720
3224 1716
3217 1713
3210 1710
3204 1706
3199 1701
3192 1698
3184 1696
3178 1692
3171 1689
3165 1685
3159 1681
3153 1677
3147 1673
3142 1668
3135 1665
3127 1663
3120 1660
3114 1656
3107 1653
3102 1648
3097 1643
3090 1640
3082 1638
3075 1635
3067 1633
3060 1630
3052 1628
3046 1624
3041 1619
3033 1617
3025 1615
3016 1614
3009 1611
3002 1608
2996 1604
2990 1600
2983 1597
2978 1592
2969 1591
2963 1587
2958 1582
2953 1577
2948 1572
2942 1568
2937 1563
2931 1559
2926 1554
2920 1550
2915 1545
2910 1540
2905 1535
2900 1530
2894 1526
2889 1521
2884 1516
2878 1512
2871 1509
2864 1506
2858 1502
2853 1497
2847 1493
2841 1489
2836 1484
2831 1479
2825 1475
2820 1470
2813 1467
2807 1463
2800 1460
2794 1456
2785 1455
2778 1452
2771 1449
2765 1445
2755 1445
2747 1443
2741 1439
2735 1435
2729 1431
2722 1428
2714 1426
2709 1421
2703 1417
2698 1412
2692 1408
2686 1404
2680 1400
2673 1397
2666 1394
2661 1389
2656 1384
2649 1381
2643 1377
2637 1373
2631 1369
2625 1365
2619 1361
2613 1357
2607 1353
2600 1350
2592 1348
2585 1345
2579 1341
2573 1337
2567 1333
2560 1330
2554 1326
2546 1324
2539 1321
2531 1319
2525 1315
2520 1310
2513 1307
2505 1305
2498 1302
2492 1298
2486 1294
2479 1291
2472 1288
2463 1287
2457 1283
2450 1280
2441 1279
2433 1277
2427 1273
2419 1271
2410 1270
2403 1267
2397 1263
2391 1259
2384 1256
2377 1253
2370 1250
2364 1246
2355 1245
2346 1244
2340 1240
2334 1236
2327 1233
2321 1229
2314 1226
2306 1224
2301 1219
2295 1215
2288 1212
2281 1209
2272 1208
2265 1205
2257 1203
2251 1199
2242 1198
2236 1194
2230 1190
2222 1188
2214 1186
2208 1182
2201 1179
2195 1175
2188 1172
2180 1170
2174 1166
2168 1162
2162 1158
2157 1153
2151 1149
2144 1146
2138 1142
2132 1138
2126 1134
2120 1130
2113 1127
2108 1122
2102 1118
2096 1114
2089 1111
2084 1106
2078 1102
2072 1098
2067 1093
2060 1090
2052 1088
2044 1086
2039 1081
2034 1076
2028 1072
2023 1067
2016 1064
2011 1059
2006 1054
2000 1050
1994 1046
1988 1042
1982 1038
1976 1034
1970 1030
1964 1026
1958 1022
1952 1018
1945 1015
1939 1011
1933 1007
1928 1002
1921 999
1915 995
1910 990
1904 986
1899 981
1892 978
1885 975
1878 972
1870 970
1862 968
1856 964
1849 961
1842 958
1836 954
1829 951
1823 947
1815 945
1808 942
1801 939
1794 936
1789 931
1782 928
1776 924
1771 919
1766 914
1761 909
1755 905
1748 902
1742 898
1736 894
1730 890
1724 886
1718 882
1713 877
1708 872
1702 868
1697 863
1689 861
1681 859
1674 856
1667 853
1662 848
1655 845
1647 843
1640 840
1634 836
1629 831
1623 827
1616 824
1611 819
1605 815
1598 812
1592 808
1587 803
1580 800
1573 797
1564 796
1558 792
1553 787
1547 783
1540 780
1531 779
1524 776
1515 775
1507 773
1501 769
1493 767
1486 764
1478 762
1471 759
1464 756
1458 752
1452 748
1443 747
1436 744
1431 739
1424 736
1418 732
1412 728
1405 725
1397 723
1391 719
1385 715
1380 710
1375 705
1370 700
1362 698
1356 694
1349 691
1341 689
1332 688
1325 685
1320 680
1315 675
1310 670
1305 665
1296 664
1291 659
1284 656
1277 653
1269 651
1261 649
1252 648
1246 644
1239 641
1233 637
1226 634
1219 631
1213 627
1206 624
1200 620
1195 615
1190 610
1184 606
1176 604
1169 601
1162 598
1155 595
1149 591
1141 589
1132 588
1124 586
1115 585
1109 581
1103 577
1093 577
1087 573
1081 569
1075 565
1069 561
1064 556
1056 554
1049 551
1042 548
1036 544
1031 539
1026 534
1020 530
1014 526
1007 523
1001 519
995 515
989 511
982 508
975 505
970 500
960 500
954 496
948 492
940 490
933 487
925 485
919 481
913 477
907 473
902 468
897 463
892 458
886 454
881 449
874 446
868 442
861 439
853 437
846 434
840 430
834 426
829 421
823 417
816 414
811 409
804 406
798 402
793 397
788 392
782 388
776 384
770 380
762 378
754 376
746 374
739 371
733 367
727 363
721 359
715 355
708 352
700 350
693 347
685 345
677 343
670 340
663 337
658 332
652 328
646 324
640 320
635 315
627 313
620 310
612 308
605 305
598 302
592 298
587 293
582 288
575 285
566 284
560 280
553 277
548 272
541 269
534 266
528 262
522 258
514 256
507 253
500 250
494 246
488 242
480 240
472 238
465 235
459 231
453 227
448 222
441 219
435 215
428 212
421 209
415 205
410 200
404 196
399 191
392 188
385 185
377 183
370 180
362 178
355 175
350 170
345 165
336 164
331 159
323 157
315 155
309 151
300 150
293 147
286 144
280 140
272 138
264 136
259 131
252 128
245 125
240 120
233 117
227 113
220 110
212 108
205 105
197 103
190 100
185 95
177 93
171 89
166 84
158 82
153 77
146 74
141 69
134 66
125 65
118 62
110 60
104 56
98 52
90 50
83 47
76 44
70 40
63 37
56 34
50 30
44 26
37 23
30 20
24 16
17 13
12 8
6 4
0 0
