0 0
7 7
13 13
21 21
29 28
35 34
42 38
51 46
60 54
68 62
77 70
85 73
94 79
103 87
110 89
119 98
127 103
136 109
144 115
154 125
163 134
172 142
180 147
187 152
195 159
203 164
211 169
220 174
228 181
237 188
246 194
256 204
263 204
271 211
280 217
289 223
295 229
303 235
312 242
322 252
331 258
339 266
348 275
356 280
364 288
373 296
383 306
392 309
401 318
409 319
416 322
426 332
435 336
444 345
454 355
464 365
472 367
482 377
489 384
497 390
506 395
516 405
525 411
531 415
540 422
550 432
557 435
565 443
572 450
582 460
592 470
592 464
598 470
607 475
615 479
623 484
632 493
640 497
649 499
659 509
668 515
677 520
685 525
694 530
703 532
712 541
721 550
731 560
740 567
750 577
758 575
767 580
776 581
785 585
795 595
803 603
811 601
820 600
830 610
839 616
848 625
857 634
866 637
876 647
883 649
893 659
902 661
912 671
920 676
930 686
940 696
950 706
960 716
969 720
977 728
987 738
995 744
1004 748
1014 758
1019 763
1027 765
1036 768
1045 777
1054 782
1063 787
1073 797
1082 800
1092 810
1102 820
1112 830
1121 828
1129 832
1135 838
1145 848
1152 847
1162 857
1170 859
1180 869
1190 879
1198 885
1208 895
1218 905
1225 912
1234 921
1243 917
1253 927
1262 932
1271 938
1281 948
1290 953
1297 960
1307 970
1317 980
1326 983
1336 993
1345 1001
1353 1002
1363 1012
1373 1022
1382 1028
1391 1031
1401 1041
1411 1051
1421 1061
1431 1071
1440 1065
1449 1074
1459 1084
1468 1087
1477 1093
1486 1096
1495 1104
1505 1114
1514 1117
1522 1118
1532 1128
1542 1138
1552 1148
1562 1158
1571 1167
1579 1173
1588 1179
1597 1180
1606 1185
1615 1189
1624 1194
1633 1200
1641 1204
1648 1207
1657 1213
1667 1223
1677 1233
1686 1242
1696 1252
1705 1258
1714 1265
1721 1267
1730 1269
1740 1279
1750 1289
1759 1298
1768 1301
1778 1311
1787 1312
1795 1313
1804 1317
1814 1327
1823 1331
1831 1339
1841 1349
1850 1352
1860 1362
1870 1372
1878 1372
1888 1382
1897 1386
1907 1396
1917 1406
1927 1416
1936 1415
1946 1425
1956 1435
1966 1445
1976 1455
1984 1463
1994 1473
2003 1482
2010 1487
2018 1495
2026 1494
2034 1492
2044 1502
2053 1511
2059 1511
2066 1516
2073 1523
2080 1524
2086 1526
2093 1526
2101 1534
2108 1531
2117 1535
2127 1545
2137 1555
2146 1564
2156 1574
2166 1584
2173 1579
2183 1589
2192 1598
2201 1592
2211 1602
2220 1606
2230 1616
2239 1618
2248 1627
2257 1628
2267 1638
2277 1648
2285 1656
2293 1664
2300 1663
2307 1670
2316 1677
2324 1685
2334 1695
2344 1705
2353 1711
2361 1719
2369 1727
2376 1734
2382 1740
2391 1739
2400 1745
2410 1755
2420 1765
2429 1763
2439 1773
2449 1783
2459 1793
2468 1794
2476 1802
2484 1800
2493 1808
2502 1811
2512 1821
2521 1812
2530 1821
2540 1831
2550 1841
2555 1846
2562 1843
2570 1851
2576 1857
2585 1855
2595 1865
2605 1875
2614 1878
2624 1888
2633 1891
2643 1901
2653 1911
2660 1918
2670 1928
2680 1938
2689 1946
2699 1956
2709 1966
2717 1974
2726 1976
2734 1977
2743 1986
2749 1983
2751 1985
2758 1992
2766 2000
2776 2010
2786 2020
2794 2028
2804 2038
2814 2048
2824 2058
2834 2068
2844 2078
2853 2087
2863 2097
2872 2099
2881 2104
2891 2114
2899 2122
2908 2120
2917 2124
2927 2134
2934 2141
2943 2141
2953 2151
2962 2160
2972 2170
2981 2172
2991 2182
3000 2179
3010 2189
3020 2199
3028 2203
3038 2213
3048 2223
3057 2227
3066 2234
3076 2244
3085 2253
3094 2256
3103 2258
3112 2264
3122 2274
3132 2284
3142 2294
3150 2291
3159 2296
3165 2302
3172 2309
3182 2319
3191 2328
3199 2336
3207 2344
3217 2354
3227 2364
3236 2369
3246 2379
3255 2385
3265 2395
3275 2405
3285 2415
3295 2425
3305 2435
3314 2430
3323 2427
3332 2436
3340 2444
3349 2453
3357 2450
3357 2226
3358 2097
3368 2107
3378 2117
3388 2127
3394 2130
3399 2130
3404 2130
3410 2132
3420 2142
3430 2152
3440 2162
3450 2172
3455 2173
3460 2173
3465 2173
3470 2176
3475 2177
3485 2187
3491 2190
3498 2194
3508 2204
3518 2214
3526 2221
3531 2222
3536 2223
3541 2225
3551 2235
3561 2245
3571 2255
3581 2265
3591 2275
3601 2285
3611 2295
3616 2296
3621 2296
3626 2296
3634 2304
3640 2308
3645 2308
3650 2310
3656 2313
3666 2323
3676 2333
3685 2342
3693 2350
3703 2360
3713 2370
3720 2375
3725 2375
3730 2375
3738 2381
3748 2391
3758 2401
3768 2411
3778 2421
3785 2426
3790 2426
3795 2427
3800 2428
3805 2428
3810 2428
3818 2434
3828 2444
3835 2451
3842 2458
3852 2468
3862 2478
3872 2488
3881 2497
3890 2506
3895 2509
3900 2509
3905 2509
3910 2510
3915 2510
3920 2511
3925 2512
3930 2513
3935 2515
3940 2515
3945 2515
3950 2516
3956 2518
3966 2528
3974 2536
3982 2544
3992 2554
4002 2564
4012 2574
4017 2575
4022 2577
4027 2579
4032 2579
4037 2580
4042 2580
4047 2580
4052 2581
4057 2581
4062 2581
4067 2582
4072 2585
4077 2587
4084 2592
4094 2602
4104 2612
4114 2622
4124 2632
4131 2637
4136 2637
4141 2637
4151 2647
4151 516
4141 516
4136 516
4131 516
4124 515
4114 515
4104 515
4094 515
4084 515
4077 514
4072 512
4067 509
4062 508
4057 508
4052 508
4047 507
4042 507
4037 507
4032 506
4027 506
4022 504
4017 502
4012 501
4002 501
3992 501
3982 501
3974 499
3966 497
3956 497
3950 497
3945 496
3940 496
3935 496
3930 494
3925 493
3920 492
3915 491
3910 491
3905 490
3900 490
3895 490
3890 487
3881 486
3872 485
3862 485
3852 485
3842 485
3835 482
3828 479
3818 479
3810 479
3805 479
3800 479
3795 478
3790 477
3785 477
3778 476
3768 476
3758 476
3748 476
3738 476
3730 476
3725 476
3720 476
3713 475
3703 475
3693 475
3685 473
3676 472
3666 472
3656 472
3650 471
3645 469
3640 469
3634 467
3626 465
3621 465
3616 465
3611 464
3601 464
3591 464
3581 464
3571 464
3561 464
3551 464
3541 464
3536 462
3531 461
3526 460
3518 459
3508 459
3498 459
3491 459
3485 458
3475 458
3470 457
3465 454
3460 454
3455 454
3450 453
3440 453
3430 453
3420 453
3410 453
3404 453
3399 453
3394 453
3388 452
3378 452
3368 452
3358 452
3357 443
3357 433
3349 431
3340 430
3332 428
3323 427
3314 426
3305 425
3295 425
3285 425
3275 425
3265 425
3255 425
3246 424
3236 424
3227 423
3217 423
3207 423
3199 421
3191 419
3182 418
3172 418
3165 415
3159 411
3150 410
3142 408
3132 408
3122 408
3112 408
3103 407
3094 406
3085 405
3076 404
3066 404
3057 403
3048 402
3038 402
3028 402
3020 400
3010 400
3000 400
2991 399
2981 399
2972 398
2962 398
2953 397
2943 397
2934 396
2927 393
2917 393
2908 392
2899 391
2891 389
2881 389
2872 388
2863 387
2853 387
2844 386
2834 386
2824 386
2814 386
2804 386
2794 386
2786 384
2776 384
2766 384
2758 382
2751 379
2749 371
2743 367
2734 366
2726 364
2717 363
2709 361
2699 361
2689 361
2680 360
2670 360
2660 360
2653 357
2643 357
2633 357
2624 356
2614 356
2605 355
2595 355
2585 355
2576 354
2570 350
2562 348
2555 345
2550 340
2540 340
2530 340
2521 339
2512 338
2502 338
2493 337
2484 336
2476 334
2468 332
2459 331
2449 331
2439 331
2429 331
2420 330
2410 330
2400 330
2391 329
2382 328
2376 324
2369 321
2361 319
2353 317
2344 316
2334 316
2324 316
2316 314
2307 313
2300 310
2293 307
2285 305
2277 303
2267 303
2257 303
2248 302
2239 301
2230 300
2220 300
2211 299
2201 299
2192 298
2183 297
2173 297
2166 294
2156 294
2146 294
2137 293
2127 293
2117 293
2108 292
2101 289
2093 287
2086 284
2080 280
2073 277
2066 274
2059 271
2053 267
2044 266
2034 266
2026 264
2018 262
2010 260
2003 257
1994 256
1984 256
1976 254
1966 254
1956 254
1946 254
1936 254
1927 253
1917 253
1907 253
1897 253
1888 252
1878 252
1870 250
1860 250
1850 250
1841 249
1831 249
1823 247
1814 246
1804 246
1795 245
1787 243
1778 242
1768 242
1759 241
1750 240
1740 240
1730 240
1721 239
1714 236
1705 235
1696 234
1686 234
1677 233
1667 233
1657 233
1648 232
1641 229
1633 227
1624 226
1615 225
1606 224
1597 223
1588 222
1579 221
1571 219
1562 218
1552 218
1542 218
1532 218
1522 218
1514 216
1505 215
1495 215
1486 214
1477 213
1468 212
1459 211
1449 211
1440 210
1431 209
1421 209
1411 209
1401 209
1391 209
1382 208
1373 207
1363 207
1353 207
1345 205
1336 204
1326 204
1317 203
1307 203
1297 203
1290 200
1281 199
1271 199
1262 198
1253 197
1243 197
1234 196
1225 195
1218 192
1208 192
1198 192
1190 190
1180 190
1170 190
1162 188
1152 188
1145 185
1135 185
1129 181
1121 179
1112 178
1102 178
1092 178
1082 178
1073 177
1063 177
1054 176
1045 175
1036 174
1027 173
1019 171
1014 166
1004 166
995 165
987 163
977 163
969 161
960 160
950 160
940 160
930 160
920 160
912 158
902 158
893 157
883 157
876 154
866 154
857 153
848 152
839 151
830 150
820 150
811 149
803 147
795 145
785 145
776 144
767 143
758 142
750 140
740 140
731 139
721 139
712 138
703 137
694 136
685 135
677 133
668 132
659 131
649 131
640 130
632 128
623 127
615 125
607 123
598 122
592 118
592 108
582 108
572 108
565 105
557 103
550 100
540 100
531 99
525 95
516 94
506 94
497 93
489 91
482 88
472 88
464 86
454 86
444 86
435 85
426 84
416 84
409 81
401 79
392 78
383 77
373 77
364 76
356 74
348 72
339 71
331 69
322 68
312 68
303 67
295 65
289 61
280 60
271 59
263 57
256 54
246 54
237 53
228 52
220 50
211 49
203 47
195 45
187 43
180 40
172 38
163 37
154 36
144 36
136 34
127 33
119 31
110 30
103 27
94 26
85 25
77 23
68 22
60 20
51 19
42 18
35 15
29 11
21 9
13 7
7 3
0 0
