0 0
10 0
17 3
23 7
31 9
39 11
48 12
55 15
62 18
70 20
78 22
82 28
90 30
98 32
107 33
116 34
124 36
131 39
138 42
145 45
153 47
162 48
171 49
181 49
189 51
197 53
205 55
214 56
223 57
232 58
240 60
248 62
258 62
266 64
273 67
282 68
290 70
299 71
304 76
312 78
321 79
330 80
337 83
344 86
346 93
351 93
357 94
366 95
371 96
376 96
384 96
392 98
401 99
410 100
415 101
420 102
425 102
432 105
438 109
443 109
451 111
459 113
467 115
472 115
480 116
490 116
497 119
503 123
511 125
516 125
522 126
529 127
534 127
539 128
545 128
553 130
562 131
569 134
578 135
587 136
593 138
598 138
603 139
608 139
614 140
621 141
626 141
632 141
642 141
651 142
660 143
669 144
674 149
682 151
688 152
693 154
698 155
703 155
708 158
713 158
718 159
723 159
728 160
733 160
738 160
743 160
748 161
753 161
758 161
763 162
768 162
774 163
783 164
788 164
793 164
798 165
803 165
808 165
816 166
825 167
830 167
835 167
843 169
848 169
853 169
858 170
868 170
877 171
884 174
894 174
900 176
905 176
910 176
919 176
928 177
937 178
946 179
956 179
965 180
975 180
982 181
987 181
992 181
997 181
1005 182
1012 185
1019 188
1029 188
1035 189
1040 189
1045 189
1050 189
1055 190
1060 191
1065 191
1070 191
1075 191
1080 191
1085 192
1090 192
1097 193
1107 193
1117 193
1124 196
1129 198
1134 199
1142 200
1152 200
1161 201
1166 202
1171 202
1178 203
1187 204
1192 204
1197 204
1202 204
1207 205
1212 205
1217 205
1222 206
1227 206
1232 206
1237 207
1247 207
1254 210
1263 211
1270 212
1275 212
1280 212
1285 213
1295 213
1303 215
1310 218
1317 221
1323 225
1333 225
1341 227
1351 227
1357 228
1362 228
1367 228
1372 228
1377 228
1387 228
1396 229
1406 229
1414 231
1421 234
1426 235
1431 235
1436 235
1441 235
1449 237
1457 239
1466 240
1473 241
1478 241
1483 241
1488 241
1496 243
1499 250
1499 260
1499 270
1499 280
1499 290
1500 299
1510 299
1519 300
1528 301
1538 301
1547 302
1556 303
1566 303
1574 304
1579 304
1584 304
1589 305
1594 305
1599 305
1604 305
1609 305
1614 306
1619 306
1624 306
1633 307
1642 308
1647 313
1652 318
1660 320
1670 320
1678 322
1684 324
1689 324
1694 324
1699 324
1704 324
1713 325
1718 326
1723 326
1728 326
1733 326
1738 327
1743 327
1748 327
1753 327
1758 327
1766 328
1776 328
1781 329
1786 329
1791 329
1800 330
1810 330
1819 331
1828 332
1837 333
1846 334
1856 334
1864 335
1869 335
1874 335
1879 335
1884 335
1890 336
1900 336
1909 337
1917 338
1922 338
1927 338
1932 339
1938 340
1948 340
1954 344
1960 348
1969 349
1978 350
1983 354
1988 354
1993 354
1998 354
2003 354
2008 355
2013 355
2018 355
2023 356
2028 358
2037 359
2046 360
2051 360
2056 360
2061 363
2066 364
2076 364
2083 365
2088 365
2093 365
2098 365
2103 366
2108 366
2113 366
2118 366
2123 366
2130 367
2140 367
2149 368
2159 368
2168 369
2175 372
2183 374
2188 379
2193 384
2200 387
2206 391
2212 395
2218 399
2225 402
2230 407
2235 412
2243 414
2253 414
2262 415
2271 416
2278 419
2283 424
2289 428
2298 429
2303 430
2308 430
2313 430
2320 431
2329 432
2338 433
2348 433
2357 434
2367 434
2376 435
2386 435
2396 435
2404 437
2409 442
2414 447
2419 448
2424 448
2429 449
2434 449
2439 449
2444 449
2449 449
2454 449
2461 450
2468 453
2474 456
2479 458
2484 461
2489 462
2494 463
2499 463
2504 463
2510 466
2516 470
2521 475
2526 478
2531 478
2536 478
2541 478
2546 478
2551 478
2556 478
2565 479
2573 480
2578 480
2583 480
2588 480
2593 480
2602 481
2611 482
2620 483
2629 484
2634 486
2639 486
2648 487
2655 490
2664 491
2673 492
2683 492
2692 493
2701 494
2710 495
2720 495
2729 496
2739 496
2749 496
2756 499
2766 499
2776 499
2784 501
2793 502
2802 503
2811 504
2820 505
2830 505
2838 506
2843 506
2848 506
2853 506
2858 506
2863 506
2868 506
2873 506
2882 507
2892 507
2901 508
2910 509
2920 509
2929 510
2938 511
2943 511
2948 511
2953 511
2958 512
2968 512
2978 512
2987 513
2992 513
2997 513
3002 513
3007 516
3012 521
3018 525
3024 529
3029 534
3034 539
3039 544
3048 545
3057 546
3063 548
3068 548
3073 548
3078 548
3083 548
3088 548
3093 548
3100 549
3109 550
3116 553
3122 557
3127 558
3132 558
3137 558
3142 558
3147 558
3152 559
3162 559
3172 559
3180 560
3185 560
3190 560
3195 560
3200 561
3205 561
3210 561
3215 561
3220 561
3225 562
3230 562
3235 562
3240 563
3245 564
3250 564
3258 566
3265 569
3273 571
3283 571
3293 571
3302 572
3312 572
3322 572
3330 574
3339 575
3348 576
3356 578
3363 581
3368 586
3374 590
3382 592
3392 592
3401 593
3411 593
3420 594
3430 594
3440 594
3449 595
3458 596
3463 596
3468 596
3473 596
3478 596
3483 597
3488 597
3493 597
3498 597
3503 597
3508 597
3513 597
3518 598
3523 598
3528 598
3533 598
3538 598
3543 598
3548 598
3557 599
3567 599
3577 599
3586 600
3596 600
3606 600
3614 601
3619 601
3624 601
3629 601
3634 601
3639 601
3644 601
3650 602
3660 602
3670 602
3679 603
3689 603
3699 603
3708 604
3718 604
3728 604
3733 605
3738 605
3743 605
3748 605
3754 606
3764 606
3774 606
3783 607
3790 610
3795 615
3801 619
3806 621
3811 621
3816 621
3821 621
3826 621
3831 621
3836 622
3846 622
3856 622
3863 623
3868 623
3873 623
3878 623
3883 623
3888 624
3893 624
3898 624
3903 624
3908 624
3913 624
3918 624
3923 627
3928 628
3933 628
3938 628
3943 628
3948 629
3953 630
3961 632
3971 632
3980 633
3985 633
3990 633
3995 633
4000 633
4005 633
4010 633
4015 633
4020 633
4027 634
4037 634
4047 634
4053 635
4058 635
4063 635
4068 635
4073 635
4078 635
4087 636
4096 637
4101 642
4111 642
4120 643
4127 646
4133 647
4138 647
4143 647
4148 647
4153 647
4158 647
4163 647
4168 647
4176 648
4186 648
4195 649
4205 649
4214 650
4219 650
4224 650
4229 650
4234 650
4239 650
4244 650
4249 651
4259 651
4267 653
4277 653
4286 654
4296 654
4306 654
4315 655
4325 655
4335 655
4342 656
4347 656
4352 656
4357 656
4362 657
4367 657
4372 657
4377 657
4382 657
4387 657
4392 658
4397 658
4402 658
4407 658
4412 658
4417 658
4422 658
4427 658
4432 659
4437 659
4442 659
4447 659
4452 659
4457 661
4462 662
4470 664
4471 673
4475 676
4480 677
4485 679
4490 679
4495 679
4500 679
4505 679
4510 679
4515 679
4520 680
4525 680
4530 680
4535 680
4540 680
4545 680
4550 681
4555 681
4560 682
4565 682
4570 682
4575 682
4580 682
4585 682
4590 683
4595 683
4600 683
4605 683
4610 683
4615 684
4620 685
4625 685
4630 685
4635 685
4640 685
4645 685
4650 686
4655 686
4660 686
4665 686
4670 687
4675 689
4680 689
4685 689
4690 690
4695 691
4700 692
4705 692
4710 692
4715 692
4720 692
4725 692
4730 693
4735 693
4740 693
4745 693
4750 693
4755 693
4760 693
4765 694
4770 694
4775 694
4780 694
4785 694
4790 695
4795 695
4800 698
4805 698
4810 698
4815 699
4820 699
4825 699
4830 699
4835 699
4840 699
4845 700
4850 700
4855 700
4860 700
4865 701
4870 701
4875 701
4880 701
4885 702
4890 702
4895 702
4900 702
4905 702
4910 703
4915 703
4920 703
4925 703
4930 703
4935 703
4940 704
4945 704
4950 705
4955 707
4960 707
4965 707
4970 707
4975 707
4980 707
4985 707
4990 707
4995 707
5000 707
5005 707
5010 708
5015 710
5020 712
5025 713
5030 714
5035 715
5040 715
5045 715
5050 715
5055 715
5060 716
5065 716
5070 717
5075 717
5080 717
5085 717
5090 717
5095 717
5100 717
5105 718
5110 718
5115 718
5120 718
5125 718
5130 718
5135 718
5140 720
5145 725
5150 730
5155 735
5160 740
5165 742
5170 742
5175 742
5180 742
5185 742
5190 742
5195 742
5200 742
5205 743
5210 743
5215 743
5220 743
5225 744
5230 744
5235 746
5240 746
5245 746
5250 746
5255 747
5260 747
5265 747
5270 747
5275 747
5280 747
5285 748
5290 748
5295 748
5300 748
5305 749
5310 749
5315 749
5320 751
5325 751
5330 751
5335 751
5340 751
5345 752
5350 753
5355 753
5360 754
5365 754
5370 754
5375 755
5380 755
5385 755
5390 755
5395 757
5400 757
5405 757
5410 758
5415 758
5420 758
5425 759
5430 759
5435 759
5440 759
5445 759
5450 759
5455 760
5460 760
5465 760
5470 760
5475 760
5480 760
5485 761
5490 761
5495 761
5500 761
5505 761
5510 761
5515 761
5520 761
5525 762
5530 762
5535 762
5540 762
5545 762
5550 762
5555 762
5560 762
5565 763
5570 763
5575 763
5580 763
5585 763
5590 763
5595 763
5600 764
5605 767
5610 767
5615 767
5620 767
5625 768
5630 769
5635 769
5640 769
5645 769
5650 769
5655 769
5660 769
5665 769
5670 769
5675 770
5680 770
5685 770
5690 770
5695 770
5700 770
5705 770
5710 770
5715 771
5720 771
5725 772
5730 772
5735 772
5740 772
5745 773
5750 773
5755 773
5760 773
5765 773
5770 773
5775 775
5780 777
5785 778
5790 779
5795 779
5800 780
5805 780
5810 780
5815 781
5820 781
5825 781
5830 781
5835 781
5840 781
5845 782
5850 782
5855 782
5860 782
5865 783
5870 783
5875 783
5880 783
5885 783
5890 783
5895 783
5900 783
5905 784
5910 784
5915 784
5920 784
5925 784
5930 784
5935 786
5940 787
5945 788
5950 788
5955 790
5960 790
5965 791
5970 791
5975 791
5980 791
5985 791
5990 791
5995 791
6000 791
6005 791
6010 791
6015 792
6020 792
6025 792
6030 792
6035 792
6040 792
6045 793
6050 793
6055 793
6060 794
6065 794
6070 794
6075 795
6080 795
6085 795
6090 795
6095 795
6100 795
6105 795
6110 795
6115 795
6120 796
6125 796
6130 797
6135 798
6140 799
6145 800
6150 800
6155 801
6160 801
6165 801
6170 801
6175 801
6180 801
6185 801
6190 802
6195 802
6200 803
6205 804
6210 805
6215 807
6220 807
6225 807
6230 807
6235 807
6240 807
6245 807
6250 808
6255 808
6260 808
6265 808
6270 808
6275 808
6280 808
6285 809
6290 809
6295 809
6300 809
6305 809
6310 810
6315 810
6320 810
6325 810
6330 810
6335 810
6340 811
6345 811
6350 811
6355 811
6360 811
6365 811
6370 811
6375 812
6380 813
6385 813
6390 813
6395 813
6400 813
6405 813
6410 814
6415 814
6420 814
6425 814
6430 814
6435 814
6440 814
6445 814
6450 815
6455 815
6460 815
6465 815
6470 815
6475 815
6480 815
6485 816
6490 816
6495 816
6500 816
6505 816
6510 816
6515 816
6520 817
6525 817
6530 817
6535 817
6540 817
6545 817
6550 817
6555 817
6560 817
6565 817
6570 818
6575 818
6580 818
6585 818
6590 818
6595 818
6600 818
6605 818
6610 819
6615 819
6620 819
6625 819
6630 819
6635 819
6640 820
6645 820
6650 822
6655 822
6660 822
6665 822
6670 822
6675 822
6680 822
6685 822
6690 823
6695 824
6700 826
6705 827
6710 827
6715 828
6720 829
6725 829
6730 829
6735 829
6740 829
6745 829
6750 829
6755 829
6760 830
6765 830
6770 830
6775 830
6780 830
6785 830
6790 830
6795 830
6800 830
6805 830
6810 831
6815 831
6820 831
6825 831
6830 831
6835 831
6840 831
6845 831
6850 831
6855 831
6860 831
6865 832
6870 832
6875 832
6880 833
6885 833
6890 834
6895 834
6900 834
6905 834
6910 834
6915 834
6920 834
6925 834
6930 835
6935 835
6940 835
6945 835
6950 835
6955 835
6960 835
6965 835
6970 835
6975 836
6980 836
6985 836
6990 837
6995 837
7000 837
7005 837
7010 837
7015 837
7020 837
7025 837
7030 837
7035 837
7040 838
7045 838
7050 838
7055 838
7060 838
7065 838
7070 838
7075 839
7080 839
7085 839
7090 839
7095 839
7100 839
7105 839
7110 839
7115 839
7120 839
7125 839
7130 840
7135 840
7140 840
7145 840
7150 840
7155 841
7160 841
7165 841
7170 841
7175 841
7180 841
7185 841
7190 841
7195 841
7200 842
7205 842
7210 842
7215 842
7220 842
7225 842
7230 842
7235 842
7240 842
7245 843
7250 843
7255 843
7260 843
7265 843
7270 844
7275 844
7280 844
7285 844
7290 844
7295 844
7300 844
7305 845
7310 845
7315 845
7320 845
7325 845
7330 845
7335 845
7340 845
7345 845
7350 845
7355 846
7360 846
7365 846
7370 846
7375 846
7380 846
7385 846
7390 846
7395 846
7400 847
7405 847
7410 847
7415 847
7420 848
7425 848
7430 849
7435 849
7440 850
7445 850
7450 850
7455 850
7460 851
7465 851
7470 851
7475 852
7480 852
7485 852
7490 852
7495 852
7500 852
7505 852
7510 852
7515 853
7520 853
7525 853
7530 853
7535 853
7540 854
7545 854
7550 855
7555 855
7560 855
7565 855
7570 855
7575 855
7580 856
7585 856
7590 856
7595 856
7600 857
7605 858
7610 858
7615 859
7620 859
7625 859
7630 859
7635 859
7640 859
7645 859
7650 859
7655 860
7660 861
7665 862
7670 862
7675 862
7680 863
7685 864
7690 864
7695 864
7700 864
7705 864
7710 864
7715 864
7720 864
7725 864
7730 864
7735 865
7740 865
7745 865
7750 865
7755 867
7760 867
7765 868
7770 868
7775 868
7780 868
7785 870
7790 870
7795 870
7800 870
7805 870
7810 870
7815 870
7820 871
7825 871
7830 872
7835 874
7840 875
7845 875
7850 875
7855 876
7860 877
7865 877
7870 877
7875 877
7880 877
7885 877
7890 877
7895 878
7900 878
7905 878
7910 878
7915 878
7920 878
7925 878
7930 878
7935 878
7940 879
7945 879
7950 879
7955 879
7960 879
7965 879
7970 879
7975 879
7980 880
7985 880
7990 880
7995 880
8000 880
8005 880
8010 880
8015 880
8020 880
8025 880
8030 881
8035 881
8040 882
8045 882
8050 882
8055 886
8060 886
8065 887
8070 887
8075 887
8080 887
8085 887
8090 888
8095 888
8100 888
8105 888
8110 888
8115 888
8120 888
8125 888
8130 888
8135 888
8140 890
8145 890
8150 890
8155 890
8160 890
8165 890
8170 890
8175 891
8180 891
8185 891
8190 891
8195 891
8200 891
8205 891
8210 891
8215 891
8221 892
8226 897
8231 902
8237 906
8242 911
8247 913
8252 913
8257 913
8262 913
8267 913
8272 913
8277 913
8282 913
8287 913
8292 914
8297 914
8302 914
8307 914
8312 914
8317 914
8322 914
8327 914
8332 915
8337 915
8342 915
8347 915
8352 915
8357 915
8362 915
8367 915
8372 916
8377 916
8382 916
8387 916
8392 916
8397 916
8402 916
8407 917
8412 917
8417 917
8422 917
8427 917
8432 917
8437 917
8442 917
8447 917
8452 917
8457 918
8462 918
8467 918
8472 918
8477 918
8482 918
8487 918
8492 919
8497 920
8502 920
8507 920
8512 920
8517 920
8522 921
8527 921
8532 921
8537 921
8542 921
8547 921
8552 921
8557 921
8562 921
8567 921
8572 922
8577 922
8582 922
8587 922
8592 922
8597 922
8602 922
8607 922
8612 922
8617 922
8622 923
8627 923
8632 923
8637 923
8642 923
8647 923
8652 923
8657 923
8662 923
8667 923
8672 923
8677 924
8682 924
8687 924
8692 924
8697 924
8702 924
8707 925
8712 925
8717 925
8722 925
8727 926
8732 926
8737 926
8742 926
8747 926
8752 926
8757 926
8762 927
8767 927
8772 927
8777 927
8782 927
8787 927
8792 927
8797 927
8802 927
8807 927
8812 927
8817 927
8822 928
8827 928
8832 928
8837 928
8842 928
8847 928
8852 928
8857 928
8862 929
8867 929
8872 929
8877 929
8882 929
8887 929
8892 929
8897 929
8902 929
8907 929
8912 930
8917 930
8922 930
8927 930
8932 930
8937 930
8942 930
8947 930
8952 930
8957 930
8962 930
8967 930
8972 931
8977 931
8982 931
8987 931
8992 931
8997 931
9002 931
9007 932
9012 932
9017 932
9022 933
9027 933
9032 933
9037 933
9042 933
9047 933
9052 933
9057 933
9062 933
9067 933
9072 934
9077 934
9082 934
9087 934
9092 934
9097 935
9102 935
9107 936
9112 936
9117 936
9122 936
9127 936
9132 936
9137 936
9142 936
9147 938
9152 940
9157 940
9162 940
9167 940
9172 940
9177 940
9182 940
9187 940
9192 940
9197 941
9202 941
9207 941
9212 941
9217 941
9222 941
9227 941
9232 941
9237 941
9242 941
9247 942
9252 943
9257 943
9262 943
9267 943
9272 943
9277 943
9282 943
9287 944
9292 945
9297 948
9302 948
9307 948
9312 948
9317 948
9322 948
9327 948
9332 948
9337 948
9342 948
9347 949
9352 949
9357 949
9362 949
9367 949
9372 949
9377 949
9382 949
9387 949
9392 949
9397 949
9402 950
9407 950
9412 950
9417 950
9422 950
9427 950
9432 951
9437 951
9442 951
9447 951
9452 951
9457 951
9462 951
9467 951
9472 951
9477 952
9482 953
9487 953
9492 953
9497 953
9502 953
9507 954
9512 955
9517 956
9522 956
9527 956
9532 959
9537 959
9542 960
9547 961
9552 961
9557 961
9562 961
9567 961
9572 961
9577 962
9582 964
9587 965
9592 965
9597 966
9602 966
9607 966
9612 966
9617 966
9622 966
9627 966
9632 966
9637 966
9642 966
9647 967
9652 968
9657 969
9662 969
9667 970
9672 970
9677 971
9682 971
9687 971
9692 971
9697 971
9702 971
9707 972
9712 972
9717 972
9722 972
9727 972
9732 972
9737 972
9742 972
9747 972
9752 972
9757 973
9762 973
9767 973
9772 973
9777 973
9782 974
9787 974
9792 974
9797 974
9802 974
9807 974
9812 974
9817 974
9822 974
9827 975
9833 978
9838 983
9843 988
9848 993
9853 998
9858 1003
9863 1008
9868 1009
9873 1009
9878 1009
9883 1009
9888 1009
9893 1010
9898 1010
9903 1010
9908 1010
9913 1010
9918 1010
9923 1011
9928 1011
9933 1011
9938 1011
9943 1012
9948 1012
9953 1012
9958 1012
9963 1012
9968 1012
9973 1013
9978 1013
9983 1013
9988 1013
9993 1015
9998 1016
10003 1016
10008 1017
10013 1018
10018 1018
10023 1018
10028 1018
10033 1018
10038 1018
10043 1018
10048 1018
10053 1019
10058 1019
10063 1019
10068 1019
10073 1020
10078 1021
10083 1022
10088 1022
10093 1022
10098 1023
10103 1023
10108 1023
10113 1023
10118 1023
10123 1023
10128 1023
10133 1023
10138 1023
10143 1023
10148 1024
10153 1024
10158 1024
10163 1024
10168 1024
10173 1024
10178 1024
10183 1024
10188 1024
10193 1024
10198 1025
10203 1025
10208 1025
10213 1025
10218 1025
10223 1025
10228 1025
10233 1025
10238 1025
10243 1026
10248 1026
10253 1027
10258 1027
10263 1028
10268 1029
10273 1029
10278 1029
10283 1029
10288 1029
10293 1030
10298 1030
10303 1030
10308 1030
10313 1030
10318 1030
10323 1030
10328 1030
10333 1030
10338 1031
10343 1031
10348 1031
10353 1031
10358 1031
10363 1031
10368 1031
10373 1031
10378 1031
10383 1031
10388 1031
10393 1031
10398 1032
10403 1032
10408 1032
10413 1032
10418 1032
10423 1032
10428 1032
10433 1033
10438 1033
10443 1033
10448 1033
10453 1034
10458 1034
10463 1034
10468 1034
10473 1034
10478 1035
10483 1035
10488 1035
10493 1035
10498 1035
10503 1035
10508 1035
10513 1035
10518 1035
10523 1035
10528 1035
10533 1036
10538 1036
10543 1036
10548 1036
10553 1036
10558 1036
10563 1036
10568 1036
10573 1037
10578 1037
10583 1037
10588 1037
10593 1037
10598 1037
10603 1037
10608 1037
10613 1037
10618 1037
10623 1037
10628 1037
10633 1038
10638 1038
10643 1038
10648 1038
10653 1038
10658 1038
10663 1038
10668 1038
10673 1038
10678 1039
10683 1039
10688 1039
10693 1039
10698 1039
10703 1039
10708 1039
10713 1039
10718 1039
10723 1039
10728 1039
10733 1039
10738 1039
10743 1040
10748 1040
10753 1040
10758 1041
10763 1041
10768 1041
10773 1041
10778 1041
10783 1042
10788 1042
10793 1042
10798 1042
10803 1042
10808 1042
10813 1042
10818 1042
10823 1042
10828 1043
10833 1043
10838 1043
10843 1043
10848 1043
10853 1043
10858 1044
10863 1045
10868 1045
10873 1045
10878 1045
10883 1047
10888 1047
10893 1048
10898 1048
10903 1048
10908 1048
10913 1048
10918 1048
10923 1048
10928 1048
10933 1048
10938 1048
10943 1049
10948 1049
10953 1049
10958 1049
10963 1049
10968 1049
10973 1049
10978 1049
10983 1049
10988 1049
10993 1051
10998 1051
11003 1051
11008 1051
11013 1051
11018 1051
11023 1051
11028 1051
11033 1052
11038 1052
11043 1052
11048 1052
11053 1052
11058 1052
11063 1052
11068 1052
11073 1052
11078 1052
11083 1052
11088 1052
11093 1053
11098 1053
11103 1053
11108 1053
11113 1053
11118 1053
11123 1053
11128 1053
11133 1053
11138 1054
11143 1054
11148 1054
11153 1054
11158 1054
11163 1054
11168 1054
11173 1054
11178 1054
11183 1054
11188 1055
11193 1055
11198 1055
11203 1055
11208 1055
11213 1055
11218 1055
11223 1055
11228 1055
11233 1056
11238 1056
11243 1056
11248 1056
11253 1056
11258 1056
11263 1056
11268 1056
11273 1056
11278 1056
11283 1056
11288 1056
11293 1056
11298 1057
11303 1057
11308 1057
11313 1057
11318 1057
11323 1057
11328 1058
11333 1058
11338 1058
11343 1059
11348 1059
11353 1059
11358 1059
11363 1059
11368 1059
11373 1059
11378 1059
11383 1059
11388 1061
11393 1061
11398 1061
11403 1061
11408 1061
11413 1061
11418 1061
11423 1061
11428 1061
11433 1061
11438 1061
11443 1061
11448 1062
11453 1062
11458 1062
11463 1062
11468 1062
11473 1062
11478 1063
11483 1063
11488 1063
11493 1063
11498 1063
11503 1063
11508 1063
11513 1063
11518 1064
11523 1064
11528 1064
11533 1064
11538 1064
11543 1064
11548 1064
11553 1064
11558 1064
11563 1064
11568 1064
11573 1064
11578 1065
11583 1065
11588 1065
11593 1065
11598 1065
11603 1067
11608 1069
11613 1069
11618 1069
11623 1069
11628 1069
11633 1070
11638 1071
11643 1071
11648 1073
11653 1075
11658 1076
11663 1076
11668 1076
11673 1076
11678 1076
11683 1076
11688 1076
11693 1076
11698 1076
11703 1076
11708 1077
11713 1077
11718 1077
11723 1077
11728 1077
11733 1077
11738 1077
11743 1077
11748 1077
11753 1077
11758 1077
11763 1078
11768 1078
11773 1078
11778 1078
11783 1078
11788 1078
11793 1078
11798 1078
11803 1079
11808 1079
11813 1079
11818 1079
11823 1079
11828 1079
11833 1079
11838 1079
11843 1079
11848 1080
11853 1080
11858 1080
11863 1080
11868 1080
11873 1080
11878 1080
11883 1080
11888 1081
11893 1081
11898 1081
11903 1081
11908 1081
11913 1081
11918 1081
11923 1081
11928 1082
11933 1082
11938 1082
11943 1082
11948 1082
11953 1082
11958 1082
11963 1082
11968 1082
11973 1083
11978 1083
11983 1083
11988 1083
11993 1083
11998 1083
12003 1084
12008 1085
12013 1086
12018 1086
12023 1086
12028 1086
12033 1086
12038 1086
12043 1086
12048 1086
12053 1086
12058 1086
12063 1087
12068 1087
12073 1087
12078 1087
12083 1087
12088 1087
12093 1087
12098 1087
12103 1087
12108 1087
12113 1088
12118 1088
12123 1088
12128 1088
12133 1088
12138 1088
12143 1088
12148 1088
12153 1088
12158 1089
12163 1089
12168 1089
12173 1089
12178 1089
12183 1089
12188 1090
12193 1092
12198 1094
12203 1094
12208 1094
12213 1094
12218 1094
12223 1095
12228 1095
12233 1095
12238 1095
12243 1096
12248 1096
12253 1096
12258 1096
12263 1096
12268 1096
12273 1096
12278 1096
12283 1096
12288 1097
12293 1098
12298 1100
12303 1102
12308 1104
12313 1105
12318 1105
12323 1105
12328 1105
12333 1105
12338 1105
12343 1105
12348 1105
12353 1106
12358 1106
12363 1106
12368 1106
12373 1106
12378 1106
12383 1106
12388 1106
12393 1106
12398 1107
12403 1107
12408 1107
12413 1107
12418 1107
12423 1107
12428 1107
12433 1107
12438 1108
12443 1108
12448 1108
12453 1108
12458 1108
12463 1108
12468 1108
12473 1108
12478 1108
12483 1108
12488 1108
12493 1108
12498 1109
12503 1109
12508 1109
12513 1109
12518 1109
12523 1109
12528 1109
12533 1109
12538 1109
12543 1109
12548 1110
12553 1110
12558 1110
12563 1110
12568 1110
12573 1110
12578 1110
12583 1110
12588 1110
12593 1110
12598 1110
12603 1111
12608 1111
12613 1111
12618 1111
12623 1111
12628 1111
12633 1112
12638 1112
12643 1112
12648 1112
12653 1112
12658 1113
12663 1113
12668 1114
12673 1114
12678 1114
12683 1114
12688 1114
12693 1114
12698 1114
12703 1115
12708 1115
12713 1115
12718 1115
12723 1115
12728 1115
12733 1116
12738 1116
12743 1116
12748 1116
12753 1116
12758 1116
12763 1117
12768 1117
12773 1118
12778 1118
12783 1119
12788 1119
12793 1119
12798 1119
12803 1120
12808 1120
12813 1120
12818 1120
12823 1120
12828 1120
12833 1120
12838 1120
12843 1121
12848 1121
12853 1121
12858 1121
12863 1121
12868 1121
12873 1121
12878 1121
12883 1121
12888 1121
12893 1123
12898 1123
12903 1123
12908 1123
12913 1123
12918 1123
12923 1123
12928 1123
12933 1123
12938 1123
12943 1123
12948 1124
12953 1124
12958 1124
12963 1124
12968 1124
12973 1124
12978 1124
12983 1124
12988 1124
12993 1124
12998 1124
13003 1124
13008 1124
13013 1125
13018 1125
13023 1125
13028 1125
13033 1125
13038 1125
13043 1125
13048 1125
13053 1125
13058 1125
13063 1125
13068 1125
13073 1126
13078 1126
13083 1126
13088 1126
13093 1126
13098 1126
13103 1126
13108 1126
13113 1126
13118 1127
13123 1127
13128 1127
13133 1127
13138 1127
13143 1128
13148 1128
13153 1128
13158 1128
13163 1129
13168 1129
13173 1129
13178 1129
13183 1129
13188 1129
13193 1129
13198 1129
13203 1130
13208 1130
13213 1130
13218 1130
13223 1130
13228 1130
13233 1130
13238 1130
13243 1130
13248 1131
13253 1131
13258 1131
13263 1131
13268 1131
13273 1131
13278 1131
13283 1131
13288 1131
13293 1131
13298 1131
13303 1132
13308 1132
13313 1132
13318 1132
13323 1132
13328 1132
13333 1132
13338 1132
13343 1133
13348 1133
13353 1133
13358 1133
13363 1133
13368 1133
13373 1133
13378 1133
13383 1133
13388 1133
13393 1133
13398 1133
13403 1134
13408 1134
13413 1134
13418 1134
13423 1134
13428 1134
13433 1134
13438 1134
13443 1134
13448 1134
13453 1135
13458 1136
13463 1136
13468 1137
13473 1138
13478 1138
13483 1139
13488 1139
13493 1139
13498 1139
13503 1140
13508 1140
13513 1141
13518 1141
13523 1142
13528 1143
13533 1143
13538 1143
13543 1143
13548 1143
13553 1143
13558 1143
13563 1143
13568 1143
13573 1143
13578 1143
13583 1143
13588 1143
13593 1144
13598 1144
13603 1144
13608 1144
13613 1144
13618 1144
13623 1144
13628 1144
13633 1145
13638 1145
13643 1145
13648 1145
13653 1146
13658 1146
13663 1146
13668 1146
13673 1146
13678 1146
13683 1146
13688 1146
13693 1146
13698 1147
13703 1147
13708 1148
13713 1148
13718 1148
13723 1148
13728 1148
13733 1148
13738 1148
13743 1148
13748 1148
13753 1148
13758 1148
13763 1149
13768 1149
13773 1149
13778 1149
13783 1149
13788 1149
13793 1149
13798 1149
13803 1149
13808 1149
13813 1149
13818 1149
13823 1149
13828 1150
13833 1150
13838 1150
13843 1150
13848 1151
13853 1151
13858 1151
13863 1151
13868 1151
13873 1151
13878 1151
13883 1151
13888 1151
13893 1152
13898 1152
13903 1152
13908 1152
13913 1153
13918 1153
13923 1153
13928 1153
13933 1153
13938 1153
13943 1153
13948 1154
13953 1154
13958 1154
13963 1154
13968 1154
13973 1155
13978 1155
13983 1155
13988 1155
13993 1155
13998 1155
14003 1155
14008 1155
14013 1155
14018 1155
14023 1155
14028 1156
14033 1156
14038 1156
14043 1156
14048 1156
14053 1156
14058 1156
14063 1156
14068 1156
14073 1157
14078 1157
14083 1157
14088 1157
14093 1157
14098 1157
14103 1157
14108 1157
14113 1157
14118 1157
14123 1157
14128 1158
14133 1158
14138 1158
14143 1158
14148 1158
14153 1158
14158 1158
14163 1158
14168 1158
14173 1159
14178 1159
14183 1159
14188 1159
14193 1160
14198 1161
14203 1162
14208 1163
14213 1163
14218 1164
14223 1164
14228 1164
14233 1164
14238 1164
14243 1164
14248 1164
14253 1164
14258 1164
14263 1164
14268 1164
14273 1164
14278 1165
14283 1165
14288 1165
14293 1165
14298 1165
14303 1165
14308 1165
14313 1165
14318 1165
14323 1166
14328 1166
14333 1166
14338 1166
14343 1166
14348 1166
14353 1166
14358 1166
14363 1166
14368 1166
14373 1168
14378 1169
14383 1169
14388 1169
14393 1169
14398 1169
14403 1169
14408 1169
14413 1169
14418 1169
14423 1169
14428 1169
14433 1169
14438 1171
14443 1171
14448 1171
14453 1171
14458 1171
14463 1171
14468 1171
14473 1171
14478 1171
14483 1171
14488 1171
14493 1171
14498 1171
14503 1171
14508 1172
14513 1172
14518 1172
14523 1172
14528 1172
14533 1172
14538 1172
14543 1172
14548 1172
14553 1172
14558 1172
14563 1172
14568 1172
14573 1172
14578 1173
14583 1173
14588 1173
14593 1173
14598 1173
14603 1173
14608 1173
14613 1173
14618 1174
14623 1176
14628 1176
14633 1176
14638 1176
14643 1176
14648 1176
14653 1176
14658 1176
14663 1176
14668 1176
14673 1176
14678 1177
14683 1177
14688 1177
14693 1177
14698 1177
14703 1177
14708 1177
14713 1177
14718 1178
14723 1178
14728 1178
14733 1178
14738 1178
14743 1178
14748 1178
14753 1178
14758 1178
14763 1178
14768 1179
14773 1179
14778 1179
14783 1179
14788 1179
14793 1179
14798 1179
14803 1179
14808 1179
14813 1179
14818 1179
14823 1179
14828 1179
14833 1180
14838 1180
14843 1180
14848 1180
14853 1180
14858 1180
14863 1180
14868 1180
14873 1181
14878 1181
14883 1181
14888 1181
14893 1181
14898 1181
14903 1181
14908 1182
14913 1182
14918 1182
14923 1182
14928 1182
14933 1182
14938 1182
14943 1182
14948 1182
14955 1182
14961 1186
14966 1191
14971 1196
14976 1201
14981 1206
14986 1211
14991 1216
14996 1216
15001 1216
15006 1216
15011 1216
15016 1216
15021 1217
15026 1217
15031 1219
15036 1220
15041 1221
15046 1221
15051 1221
15056 1221
15061 1221
15066 1221
15071 1221
15076 1221
15081 1221
15086 1222
15091 1222
15096 1223
15101 1223
15106 1223
15111 1223
15116 1223
15121 1223
15126 1223
15131 1223
15136 1223
15141 1223
15146 1223
15151 1223
15156 1224
15161 1224
15166 1224
15171 1224
15176 1224
15181 1224
15186 1224
15191 1224
15196 1224
15201 1224
15206 1224
15211 1224
15216 1225
15221 1225
15226 1225
15231 1225
15236 1225
15241 1225
15246 1225
15251 1225
15256 1225
15261 1226
15266 1226
15271 1226
15276 1226
15281 1227
15286 1227
15291 1227
15296 1227
15301 1227
15306 1227
15311 1227
15316 1227
15321 1227
15326 1227
15331 1227
15336 1227
15341 1228
15346 1228
15351 1228
15356 1228
15361 1228
15366 1228
15371 1228
15376 1228
15381 1228
15386 1229
15391 1230
15396 1232
15401 1232
15406 1232
15411 1232
15416 1232
15421 1232
15426 1232
15431 1232
15436 1232
15441 1232
15446 1232
15451 1232
15456 1232
15461 1233
15466 1233
15471 1233
15476 1233
15481 1233
15486 1233
15491 1233
15496 1233
15501 1233
15506 1233
15511 1233
15516 1234
15521 1234
15526 1234
15531 1234
15536 1234
15541 1234
15546 1234
15551 1234
15556 1234
15561 1234
15566 1234
15571 1234
15576 1234
15581 1235
15586 1235
15591 1235
15596 1235
15601 1235
15606 1235
15611 1235
15616 1235
15621 1235
15626 1235
15631 1235
15636 1236
15641 1236
15646 1236
15651 1236
15656 1236
15661 1236
15666 1236
15671 1236
15676 1237
15681 1237
15686 1237
15691 1237
15696 1237
15701 1237
15706 1237
15711 1237
15716 1237
15721 1238
15726 1238
15731 1238
15736 1238
15741 1238
15746 1238
15751 1238
15756 1238
15761 1238
15766 1238
15771 1238
15776 1238
15781 1238
15786 1238
15791 1240
15796 1242
15801 1244
15806 1244
15811 1246
15816 1250
15821 1252
15826 1255
15831 1256
15836 1256
15841 1256
15846 1256
15851 1256
15856 1256
15861 1256
15866 1256
15871 1256
15876 1256
15881 1256
15886 1256
15891 1257
15896 1257
15901 1257
15906 1257
15911 1257
15916 1257
15921 1257
15926 1257
15931 1257
15936 1257
15941 1257
15946 1258
15951 1258
15956 1258
15961 1258
15966 1258
15971 1258
15976 1258
15981 1258
15986 1258
15991 1258
15996 1258
16001 1258
16006 1258
16011 1260
16016 1260
16021 1260
16026 1260
16031 1260
16036 1260
16041 1260
16046 1260
16051 1260
16056 1260
16061 1260
16066 1260
16071 1260
16076 1260
16081 1261
16086 1261
16091 1261
16096 1261
16101 1261
16106 1261
16111 1261
16116 1261
16121 1261
16126 1261
16131 1261
16136 1261
16141 1261
16146 1262
16151 1262
16156 1262
16161 1262
16166 1262
16171 1262
16176 1262
16181 1262
16186 1262
16191 1262
16196 1262
16201 1262
16206 1262
16211 1262
16216 1262
16221 1263
16226 1263
16231 1263
16236 1263
16241 1263
16246 1263
16251 1263
16256 1263
16261 1263
16266 1263
16271 1263
16276 1263
16281 1263
16286 1264
16291 1264
16296 1264
16301 1264
16306 1264
16311 1264
16316 1264
16321 1264
16326 1264
16331 1264
16336 1264
16341 1264
16346 1264
16351 1265
16356 1265
16361 1265
16366 1265
16371 1265
16376 1265
16381 1265
16386 1265
16391 1265
16396 1265
16401 1266
16406 1266
16411 1268
16416 1268
16421 1268
16426 1268
16431 1268
16436 1268
16441 1268
16446 1268
16451 1268
16456 1268
16461 1268
16466 1268
16471 1269
16476 1269
16481 1269
16486 1269
16491 1269
16496 1269
16501 1269
16506 1269
16511 1269
16516 1269
16521 1269
16526 1269
16531 1270
16536 1270
16541 1270
16546 1270
16551 1270
16556 1270
16561 1270
16566 1270
16571 1270
16576 1270
16581 1270
16586 1270
16591 1270
16596 1270
16601 1270
16606 1270
16611 1271
16616 1271
16621 1271
16626 1271
16631 1271
16636 1271
16641 1271
16646 1271
16651 1271
16656 1271
16661 1272
16666 1272
16671 1272
16676 1272
16681 1272
16686 1272
16691 1272
16696 1272
16701 1272
16706 1272
16711 1272
16716 1272
16721 1272
16726 1272
16731 1273
16736 1273
16741 1273
16746 1273
16751 1273
16756 1273
16761 1273
16766 1273
16771 1274
16776 1275
16781 1275
