lambda-u utility-finmean utility-stderrfinmean best-param best-planner
0.0 7.067072883063998 0.13675774220295978 0.0 lemur-haltonoffdens10000,0.9-1.00,0.00,0
0.1 6.738358150375562 0.1487270348169768 0.0 lemur-haltonoffdens10000,0.9-1.00,0.00,0
0.2 6.416870139730326 0.18093907930447284 0.2 lemur-haltonoffdens10000,0.9-0.80,0.20,0
0.3 6.083572927173091 0.2268045920472194 0.2 lemur-haltonoffdens10000,0.9-0.80,0.20,0
0.4 5.774198810304094 0.26227616782233415 0.5 lemur-haltonoffdens10000,0.9-0.50,0.50,0
0.5 5.41855659938942 0.31115242189702996 0.5 lemur-haltonoffdens10000,0.9-0.50,0.50,0
0.6 5.062914388474745 0.3622109577772124 0.5 lemur-haltonoffdens10000,0.9-0.50,0.50,0
0.7 4.7569109997516525 0.3771316105974948 0.8 lemur-haltonoffdens10000,0.9-0.20,0.80,0
0.8 4.318698411607488 0.41880097740786904 0.8 lemur-haltonoffdens10000,0.9-0.20,0.80,0
0.9 3.7325443996049876 0.4407128533410192 0.99 lemur-haltonoffdens10000,0.9-0.01,0.99,0
1.0 2.9863926696757206 0.4649197223754403 0.99 lemur-haltonoffdens10000,0.9-0.01,0.99,0
