lambda-u utility-finmean utility-stderrfinmean best-param best-planner
0.0 3.940955482362 0.06965196501934659 0.0 lemur-haltonoffdens10000,0.9-1.00,0.00,0
0.1 3.8630751459941606 0.08406849110226432 0.0 lemur-haltonoffdens10000,0.9-1.00,0.00,0
0.2 3.78519480962632 0.09900212414346257 0.0 lemur-haltonoffdens10000,0.9-1.00,0.00,0
0.3 3.7073144732584797 0.11425027088446885 0.0 lemur-haltonoffdens10000,0.9-1.00,0.00,0
0.4 3.6294341368906395 0.12970205331058685 0.0 lemur-haltonoffdens10000,0.9-1.00,0.00,0
0.5 3.4364983000026 0.12437674341906158 0.8 lemur-haltonoffdens10000,0.9-0.20,0.80,0
0.6 3.103373954243041 0.14265054279560502 0.99 lemur-haltonoffdens10000,0.9-0.01,0.99,0
0.7 2.74246540125208 0.11918044403998862 0.99 lemur-haltonoffdens10000,0.9-0.01,0.99,0
0.8 2.3815568482611194 0.09699066105460268 0.99 lemur-haltonoffdens10000,0.9-0.01,0.99,0
0.9 2.0206482952701603 0.07719331338011498 0.99 lemur-haltonoffdens10000,0.9-0.01,0.99,0
1.0 1.6597397422792 0.062119531050582634 0.99 lemur-haltonoffdens10000,0.9-0.01,0.99,0
