lambda-u utility-finmean utility-stderrfinmean best-param best-planner
0.0 4.558066421297002 0.03029380976821277 0.0 lemur-haltonoffdens10000,1.0-1.00,0.00,0
0.1 4.225720811558005 0.030861063067685383 0.0 lemur-haltonoffdens10000,1.0-1.00,0.00,0
0.2 3.8933752018190084 0.031690942820447064 0.0 lemur-haltonoffdens10000,1.0-1.00,0.00,0
0.3 3.5610295920800126 0.03276349858937893 0.0 lemur-haltonoffdens10000,1.0-1.00,0.00,0
0.4 3.2199043608476 0.034168283280406 0.5 lemur-haltonoffdens10000,1.0-0.50,0.50,0
0.5 2.8664564387639495 0.03379351501755903 0.5 lemur-haltonoffdens10000,1.0-0.50,0.50,0
0.6 2.5130085166803005 0.03379851100420041 0.5 lemur-haltonoffdens10000,1.0-0.50,0.50,0
0.7 2.131475366057644 0.025075375582077977 0.8 lemur-haltonoffdens10000,1.0-0.20,0.80,0
0.8 1.733842537205536 0.02378881156465484 0.8 lemur-haltonoffdens10000,1.0-0.20,0.80,0
0.9 1.3362097083534281 0.023641695048604857 0.8 lemur-haltonoffdens10000,1.0-0.20,0.80,0
1.0 0.8778627824782999 0.01520186796706238 0.99 lemur-haltonoffdens10000,1.0-0.01,0.99,0
