lambda-u utility-finmean utility-stderrfinmean best-param best-planner
0.0 5.817690453296201 0.08421280707960109 0.0 lemur-haltonoffdens10000,1.0-1.00,0.00,0
0.1 5.322814705460473 0.08006608975737944 0.2 lemur-haltonoffdens10000,1.0-0.80,0.20,0
0.2 4.827790828889545 0.07591616601362464 0.2 lemur-haltonoffdens10000,1.0-0.80,0.20,0
0.3 4.332766952318616 0.07180199548925865 0.2 lemur-haltonoffdens10000,1.0-0.80,0.20,0
0.4 3.8377430757476882 0.06773009383671828 0.2 lemur-haltonoffdens10000,1.0-0.80,0.20,0
0.5 3.3427191991767593 0.0637085663539971 0.2 lemur-haltonoffdens10000,1.0-0.80,0.20,0
0.6 2.8476953226058326 0.05974758575450956 0.2 lemur-haltonoffdens10000,1.0-0.80,0.20,0
0.7 2.3443154184787587 0.05299747577635853 0.8 lemur-haltonoffdens10000,1.0-0.20,0.80,0
0.8 1.8406187465965518 0.04749589516641418 0.8 lemur-haltonoffdens10000,1.0-0.20,0.80,0
0.9 1.322050776005706 0.0427343705845794 0.99 lemur-haltonoffdens10000,1.0-0.01,0.99,0
1.0 0.7982154369355401 0.03533541666234144 0.99 lemur-haltonoffdens10000,1.0-0.01,0.99,0
