lambda-u utility-finmean utility-stderrfinmean best-param best-planner
0.0 4.448319227718598 0.07244611163853723 0.0 lemur-nchaltonoffdens10000,1.0-1.00,0.00,0
0.1 4.3802099626033 0.06721991781872631 0.2 lemur-nchaltonoffdens10000,1.0-0.80,0.20,0
0.2 4.3103566295808005 0.061820645472874525 0.2 lemur-nchaltonoffdens10000,1.0-0.80,0.20,0
0.3 4.240503296558298 0.05650631313135187 0.2 lemur-nchaltonoffdens10000,1.0-0.80,0.20,0
0.4 4.170649963535799 0.05130332350445695 0.2 lemur-nchaltonoffdens10000,1.0-0.80,0.20,0
0.5 4.100796630513299 0.04624926965257471 0.2 lemur-nchaltonoffdens10000,1.0-0.80,0.20,0
0.6 4.030943297490801 0.041398734836697586 0.2 lemur-nchaltonoffdens10000,1.0-0.80,0.20,0
0.7 3.961089964468299 0.03683221294805479 0.2 lemur-nchaltonoffdens10000,1.0-0.80,0.20,0
0.8 3.8912366314458002 0.032669021061420535 0.2 lemur-nchaltonoffdens10000,1.0-0.80,0.20,0
0.9 3.8213832984232994 0.029082887158280023 0.2 lemur-nchaltonoffdens10000,1.0-0.80,0.20,0
1.0 3.6617281389238014 0.023871574723825385 0.99 lemur-nchaltonoffdens10000,1.0-0.01,0.99,0
