lambda-u utility-finmean utility-stderrfinmean best-param best-planner
0.0 6.231717559559997 0.1727954159005299 0.0 lemur-haltonoffdens10000,0.9-1.00,0.00,0
0.1 6.936665831146569 0.6026435445828605 0.0 lemur-haltonoffdens10000,0.9-1.00,0.00,0
0.2 7.631385510706265 1.1842438306250105 0.2 lemur-haltonoffdens10000,0.9-0.80,0.20,0
0.3 8.329467347019197 1.7536179864596408 0.2 lemur-haltonoffdens10000,0.9-0.80,0.20,0
0.4 8.548658237882448 2.147584050531018 0.5 lemur-haltonoffdens10000,0.9-0.50,0.50,0
0.5 9.12183702186676 2.675920575144165 0.5 lemur-haltonoffdens10000,0.9-0.50,0.50,0
0.6 9.695015805851071 3.204720185023581 0.5 lemur-haltonoffdens10000,0.9-0.50,0.50,0
0.7 9.101939579064323 3.4052120460638995 0.8 lemur-haltonoffdens10000,0.9-0.20,0.80,0
0.8 9.470817420353855 3.8886986576871267 0.8 lemur-haltonoffdens10000,0.9-0.20,0.80,0
0.9 9.808785793690113 3.778958034961627 0.99 lemur-haltonoffdens10000,0.9-0.01,0.99,0
1.0 9.82091401099248 4.197669848368789 0.99 lemur-haltonoffdens10000,0.9-0.01,0.99,0
