lambda-u utility-finmean utility-stderrfinmean best-param best-planner
0.0 6.155137668632798 0.17274183053197872 0.0 lemur-haltonoffdens10000,0.9-1.00,0.00,0
0.1 5.874667100470888 0.20605673851605677 0.5 lemur-haltonoffdens10000,0.9-0.50,0.50,0
0.2 5.555913433111776 0.2542225644851757 0.5 lemur-haltonoffdens10000,0.9-0.50,0.50,0
0.3 5.237159765752662 0.3111718059895088 0.5 lemur-haltonoffdens10000,0.9-0.50,0.50,0
0.4 4.873805835861807 0.2576320266188909 0.8 lemur-haltonoffdens10000,0.9-0.20,0.80,0
0.5 4.430017342682861 0.28754794285517427 0.8 lemur-haltonoffdens10000,0.9-0.20,0.80,0
0.6 3.9862288495039127 0.3212552299632074 0.8 lemur-haltonoffdens10000,0.9-0.20,0.80,0
0.7 3.5424403563249642 0.3576836187962333 0.8 lemur-haltonoffdens10000,0.9-0.20,0.80,0
0.8 3.098651863146017 0.3960830273687703 0.8 lemur-haltonoffdens10000,0.9-0.20,0.80,0
0.9 2.5164439314452283 0.37772921876531595 0.99 lemur-haltonoffdens10000,0.9-0.01,0.99,0
1.0 1.8347761440277197 0.40142053124647437 0.99 lemur-haltonoffdens10000,0.9-0.01,0.99,0
