lambda-u utility-finmean utility-stderrfinmean best-param best-planner
0.0 4.9175458462794 0.047745246543316064 0.0 lemur-haltonoffdens10000,1.0-1.00,0.00,0
0.1 4.552248791673166 0.04798780749629259 0.0 lemur-haltonoffdens10000,1.0-1.00,0.00,0
0.2 4.180567486761647 0.047593999956167005 0.2 lemur-haltonoffdens10000,1.0-0.80,0.20,0
0.3 3.809250419853872 0.04752834160846882 0.2 lemur-haltonoffdens10000,1.0-0.80,0.20,0
0.4 3.396974666580919 0.04435969912844862 0.5 lemur-haltonoffdens10000,1.0-0.50,0.50,0
0.5 3.00953538972925 0.043131258441507385 0.5 lemur-haltonoffdens10000,1.0-0.50,0.50,0
0.6 2.622096112877581 0.042043864224132664 0.5 lemur-haltonoffdens10000,1.0-0.50,0.50,0
0.7 2.09062474456665 0.038133233413596763 0.8 lemur-haltonoffdens10000,1.0-0.20,0.80,0
0.8 1.6682345944459995 0.03626848249534304 0.8 lemur-haltonoffdens10000,1.0-0.20,0.80,0
0.9 1.1408930797556958 0.02429962166018547 0.99 lemur-haltonoffdens10000,1.0-0.01,0.99,0
1.0 0.6533266973496401 0.0180867607735945 0.99 lemur-haltonoffdens10000,1.0-0.01,0.99,0
