lambda-u utility-finmean utility-stderrfinmean best-param best-planner
0.0 3.9683311171431996 0.05955492392076858 0.0 lemur-nchaltonoffdens10000,1.0-1.00,0.00,0
0.1 4.01550338358144 0.05892905235316287 0.2 lemur-nchaltonoffdens10000,1.0-0.80,0.20,0
0.2 4.06018328693588 0.05889553744202294 0.2 lemur-nchaltonoffdens10000,1.0-0.80,0.20,0
0.3 4.10486319029032 0.05960209135681 0.2 lemur-nchaltonoffdens10000,1.0-0.80,0.20,0
0.4 4.146618621799121 0.06402633963009288 0.5 lemur-nchaltonoffdens10000,1.0-0.50,0.50,0
0.5 4.1869753829412995 0.0663229369954281 0.5 lemur-nchaltonoffdens10000,1.0-0.50,0.50,0
0.6 4.21371858250268 0.06000067830448559 0.8 lemur-nchaltonoffdens10000,1.0-0.20,0.80,0
0.7 4.190293910288461 0.05603689774276984 0.8 lemur-nchaltonoffdens10000,1.0-0.20,0.80,0
0.8 4.16686923807424 0.05343118781934434 0.8 lemur-nchaltonoffdens10000,1.0-0.20,0.80,0
0.9 4.143444565860019 0.0523865933847162 0.8 lemur-nchaltonoffdens10000,1.0-0.20,0.80,0
1.0 4.017737374306001 0.058823814141857875 0.99 lemur-nchaltonoffdens10000,1.0-0.01,0.99,0
