lambda-u utility-finmean utility-stderrfinmean best-param best-planner
0.0 4.29893398132 0.12149580049370538 0.2 lemur-haltonoffdens10000,0.9-0.80,0.20,0
0.1 4.0640883384293485 0.1275828487425294 0.0 lemur-haltonoffdens10000,0.9-1.00,0.00,0
0.2 3.8292426955386962 0.13386759146290553 0.0 lemur-haltonoffdens10000,0.9-1.00,0.00,0
0.3 3.594397052648044 0.14032346842230972 0.0 lemur-haltonoffdens10000,0.9-1.00,0.00,0
0.4 3.359551409757392 0.14692792291195672 0.0 lemur-haltonoffdens10000,0.9-1.00,0.00,0
0.5 3.12470576686674 0.15366179833499344 0.0 lemur-haltonoffdens10000,0.9-1.00,0.00,0
0.6 2.8711718538438245 0.1478534687044218 0.8 lemur-haltonoffdens10000,0.9-0.20,0.80,0
0.7 2.590185743200328 0.14690538523044244 0.8 lemur-haltonoffdens10000,0.9-0.20,0.80,0
0.8 2.309199632556832 0.14668380128850772 0.8 lemur-haltonoffdens10000,0.9-0.20,0.80,0
0.9 1.8745149296029842 0.12982638079355327 0.99 lemur-haltonoffdens10000,0.9-0.01,0.99,0
1.0 1.3958933448789599 0.09601679430003637 0.99 lemur-haltonoffdens10000,0.9-0.01,0.99,0
