lambda-u utility-finmean utility-stderrfinmean best-param best-planner
0.0 6.808996871717201 0.11185831416000958 0.0 lemur-nchaltonoffdens10000,0.9-1.00,0.00,0
0.1 6.6028403405740015 0.10706504411704028 0.2 lemur-nchaltonoffdens10000,0.9-0.80,0.20,0
0.2 6.392922531092 0.10313257845147661 0.2 lemur-nchaltonoffdens10000,0.9-0.80,0.20,0
0.3 6.183004721609998 0.09984235120683899 0.2 lemur-nchaltonoffdens10000,0.9-0.80,0.20,0
0.4 5.973086912128 0.0972595637516599 0.2 lemur-nchaltonoffdens10000,0.9-0.80,0.20,0
0.5 5.763169102646 0.09544166636228754 0.2 lemur-nchaltonoffdens10000,0.9-0.80,0.20,0
0.6 5.553251293164001 0.09443284335998164 0.2 lemur-nchaltonoffdens10000,0.9-0.80,0.20,0
0.7 5.343333483682001 0.0942590760737928 0.2 lemur-nchaltonoffdens10000,0.9-0.80,0.20,0
0.8 5.1334156742 0.09492495051203816 0.2 lemur-nchaltonoffdens10000,0.9-0.80,0.20,0
0.9 4.9234978647180005 0.09641307135100685 0.2 lemur-nchaltonoffdens10000,0.9-0.80,0.20,0
1.0 4.713580055236 0.09868624886553032 0.2 lemur-nchaltonoffdens10000,0.9-0.80,0.20,0
