lambda-u utility-finmean utility-stderrfinmean best-param best-planner
0.0 4.35014117783 0.07054922362291992 0.0 lemur-nchaltonoffdens10000,2.0-1.00,0.00,0
0.1 4.49580793534824 0.0756275645105857 0.1 lemur-nchaltonoffdens10000,2.0-0.90,0.10,0
0.2 4.655010648087881 0.08668737562358468 0.2 lemur-nchaltonoffdens10000,2.0-0.80,0.20,0
0.3 4.8023280722269 0.0923965969638307 0.3 lemur-nchaltonoffdens10000,2.0-0.70,0.30,0
0.4 4.936372844217439 0.09388198489826965 0.4 lemur-nchaltonoffdens10000,2.0-0.60,0.40,0
0.5 5.0688690107955985 0.10279388419788028 0.5 lemur-nchaltonoffdens10000,2.0-0.50,0.50,0
0.6 5.1669403545442405 0.11225694231313278 0.6 lemur-nchaltonoffdens10000,2.0-0.40,0.60,0
0.7 5.261477603909582 0.09006176661526209 0.7 lemur-nchaltonoffdens10000,2.0-0.30,0.70,0
0.8 5.186027542312279 0.07958328509615364 0.8 lemur-nchaltonoffdens10000,2.0-0.20,0.80,0
0.9 5.344852191343921 0.09743442353300633 0.9 lemur-nchaltonoffdens10000,2.0-0.10,0.90,0
1.0 5.1529174709318 0.0900656312451821 0.99 lemur-nchaltonoffdens10000,2.0-0.01,0.99,0
