lambda-u utility-finmean utility-stderrfinmean best-param best-planner
0.0 6.155137668632798 0.17274183053197872 0.0 lemur-haltonoffdens10000,0.9-1.00,0.00,0
0.1 5.712857135221442 0.1738533054700437 0.0 lemur-haltonoffdens10000,0.9-1.00,0.00,0
0.2 5.263056008010616 0.17435263346332094 0.2 lemur-haltonoffdens10000,0.9-0.80,0.20,0
0.3 4.815712872337123 0.17838393919468704 0.2 lemur-haltonoffdens10000,0.9-0.80,0.20,0
0.4 4.384638402012479 0.18640594496856763 0.5 lemur-haltonoffdens10000,0.9-0.50,0.50,0
0.5 3.9324428105580993 0.19447086191499846 0.5 lemur-haltonoffdens10000,0.9-0.50,0.50,0
0.6 3.4802472191037204 0.20414823948466113 0.5 lemur-haltonoffdens10000,0.9-0.50,0.50,0
0.7 3.030938322135244 0.1825849244795799 0.8 lemur-haltonoffdens10000,0.9-0.20,0.80,0
0.8 2.5140781097863356 0.18867729503601688 0.8 lemur-haltonoffdens10000,0.9-0.20,0.80,0
0.9 1.9730756519879038 0.17244020481923245 0.99 lemur-haltonoffdens10000,0.9-0.01,0.99,0
1.0 1.23103361129736 0.16473744398204068 0.99 lemur-haltonoffdens10000,0.9-0.01,0.99,0
