lambda-u utility-finmean utility-stderrfinmean best-param best-planner
0.0 5.249619196738 0.10579860144829045 0.0 lemur-nchaltonoffdens10000,0.9-1.00,0.00,0
0.1 5.33915623183712 0.13184630754819565 0.0 lemur-nchaltonoffdens10000,0.9-1.00,0.00,0
0.2 5.471659595777839 0.2529298042846845 0.2 lemur-nchaltonoffdens10000,0.9-0.80,0.20,0
0.3 5.581896552576161 0.3769123927549022 0.2 lemur-nchaltonoffdens10000,0.9-0.80,0.20,0
0.4 5.637368457519041 0.44468781742446717 0.5 lemur-nchaltonoffdens10000,0.9-0.50,0.50,0
0.5 5.7171539574554 0.5593305433531901 0.5 lemur-nchaltonoffdens10000,0.9-0.50,0.50,0
0.6 5.796939457391761 0.6749049961917902 0.5 lemur-nchaltonoffdens10000,0.9-0.50,0.50,0
0.7 5.823205547234282 0.7201295059505967 0.8 lemur-nchaltonoffdens10000,0.9-0.20,0.80,0
0.8 5.85993282947312 0.8223593789481887 0.8 lemur-nchaltonoffdens10000,0.9-0.20,0.80,0
0.9 6.0980248058742 0.9860285776972161 0.99 lemur-nchaltonoffdens10000,0.9-0.01,0.99,0
1.0 6.010959272386799 1.090875605015834 0.99 lemur-nchaltonoffdens10000,0.9-0.01,0.99,0
