lambda-u utility-finmean utility-stderrfinmean best-param best-planner
0.0 4.9049272875432 0.11943864333214901 0.0 lemur-haltonoffdens10000,0.9-1.00,0.00,0
0.1 6.220945251385842 0.24227982237688753 0.0 lemur-haltonoffdens10000,0.9-1.00,0.00,0
0.2 7.63490432774608 0.3993219474971894 0.2 lemur-haltonoffdens10000,0.9-0.80,0.20,0
0.3 8.99989284784752 0.5435269145219761 0.2 lemur-haltonoffdens10000,0.9-0.80,0.20,0
0.4 9.10898238209432 0.6103831455192735 0.5 lemur-haltonoffdens10000,0.9-0.50,0.50,0
0.5 10.143634049325602 0.7343067759245894 0.5 lemur-haltonoffdens10000,0.9-0.50,0.50,0
0.6 11.178285716556882 0.8583227893523819 0.5 lemur-haltonoffdens10000,0.9-0.50,0.50,0
0.7 8.248448005463759 0.8834225782392713 0.8 lemur-haltonoffdens10000,0.9-0.20,0.80,0
0.8 8.67589916596664 0.9969102084985032 0.8 lemur-haltonoffdens10000,0.9-0.20,0.80,0
0.9 6.446518465283799 1.0231828910708176 0.99 lemur-haltonoffdens10000,0.9-0.01,0.99,0
1.0 6.294397983554801 1.1154634466893023 0.99 lemur-haltonoffdens10000,0.9-0.01,0.99,0
