lambda-u utility-finmean utility-stderrfinmean best-param best-planner
0.0 6.231717559559997 0.1727954159005299 0.0 lemur-nchaltonoffdens10000,0.9-1.00,0.00,0
0.1 7.067791269836081 0.5296014782813083 0.0 lemur-nchaltonoffdens10000,0.9-1.00,0.00,0
0.2 8.076994458453761 1.0652477180522049 0.2 lemur-nchaltonoffdens10000,0.9-0.80,0.20,0
0.3 8.997880768640437 1.576773257529448 0.2 lemur-nchaltonoffdens10000,0.9-0.80,0.20,0
0.4 9.593590706290641 1.9873970301521264 0.5 lemur-nchaltonoffdens10000,0.9-0.50,0.50,0
0.5 10.428002607377 2.476217063809061 0.5 lemur-nchaltonoffdens10000,0.9-0.50,0.50,0
0.6 11.26241450846336 2.965539911473198 0.5 lemur-nchaltonoffdens10000,0.9-0.50,0.50,0
0.7 12.7813431177848 3.99334659083391 0.8 lemur-nchaltonoffdens10000,0.9-0.20,0.80,0
0.8 13.6758500360344 4.561067512878493 0.8 lemur-nchaltonoffdens10000,0.9-0.20,0.80,0
0.9 13.759863084229163 3.723541673214359 0.99 lemur-nchaltonoffdens10000,0.9-0.01,0.99,0
1.0 14.210999889369202 4.133572820462938 0.99 lemur-nchaltonoffdens10000,0.9-0.01,0.99,0
