lambda-u utility-finmean utility-stderrfinmean best-param best-planner
0.0 4.9175458462794 0.047745246543316064 0.0 lemur-nchaltonoffdens10000,1.0-1.00,0.00,0
0.1 4.9281648203656605 0.05445264861234899 0.5 lemur-nchaltonoffdens10000,1.0-0.50,0.50,0
0.2 4.911574727422721 0.059217384662999174 0.5 lemur-nchaltonoffdens10000,1.0-0.50,0.50,0
0.3 4.894984634479781 0.06460903379811452 0.5 lemur-nchaltonoffdens10000,1.0-0.50,0.50,0
0.4 4.81853506223084 0.07038346558443552 0.8 lemur-nchaltonoffdens10000,1.0-0.20,0.80,0
0.5 4.7397204998444 0.07037435007179971 0.8 lemur-nchaltonoffdens10000,1.0-0.20,0.80,0
0.6 4.6609059374579624 0.07095982411557716 0.8 lemur-nchaltonoffdens10000,1.0-0.20,0.80,0
0.7 4.582091375071521 0.07212540952488046 0.8 lemur-nchaltonoffdens10000,1.0-0.20,0.80,0
0.8 4.503276812685079 0.07384364109307195 0.8 lemur-nchaltonoffdens10000,1.0-0.20,0.80,0
0.9 4.424462250298641 0.0760770828223964 0.8 lemur-nchaltonoffdens10000,1.0-0.20,0.80,0
1.0 4.125292744637199 0.06835565335187649 0.99 lemur-nchaltonoffdens10000,1.0-0.01,0.99,0
