lambda-u utility-finmean utility-stderrfinmean best-param best-planner
0.0 4.709628938647201 0.05808153309805275 0.0 lemur-haltonoffdens10000,0.9-1.00,0.00,0
0.1 4.88350368459124 0.09206231660681985 0.0 lemur-haltonoffdens10000,0.9-1.00,0.00,0
0.2 5.15859968244536 0.138918741023158 0.2 lemur-haltonoffdens10000,0.9-0.80,0.20,0
0.3 5.380224154512641 0.1792944000185795 0.2 lemur-haltonoffdens10000,0.9-0.80,0.20,0
0.4 5.1611818842236 0.175806427102773 0.5 lemur-haltonoffdens10000,0.9-0.50,0.50,0
0.5 5.2624387466364 0.20546744861766433 0.5 lemur-haltonoffdens10000,0.9-0.50,0.50,0
0.6 5.363695609049199 0.235271662794031 0.5 lemur-haltonoffdens10000,0.9-0.50,0.50,0
0.7 4.035735142199999 0.17365770378842757 0.8 lemur-haltonoffdens10000,0.9-0.20,0.80,0
0.8 3.8910561068644 0.19038911941760556 0.8 lemur-haltonoffdens10000,0.9-0.20,0.80,0
0.9 2.9225703487101207 0.1267124011038538 0.99 lemur-haltonoffdens10000,0.9-0.01,0.99,0
1.0 2.4195925712595994 0.1035154455065754 0.99 lemur-haltonoffdens10000,0.9-0.01,0.99,0
