lambda-u utility-finmean utility-stderrfinmean best-param best-planner
0.0 7.7141342498227985 0.09006961575519722 0.0 lemur-nchaltonoffdens10000,0.9-1.00,0.00,0
0.1 10.96814631617236 1.7819772036913026 0.0 lemur-nchaltonoffdens10000,0.9-1.00,0.00,0
0.2 14.598358050129603 3.7614452534545912 0.2 lemur-nchaltonoffdens10000,0.9-0.80,0.20,0
0.3 18.040177459170003 5.648974349981988 0.2 lemur-nchaltonoffdens10000,0.9-0.80,0.20,0
0.4 20.563782249300242 7.973031443042851 0.5 lemur-nchaltonoffdens10000,0.9-0.50,0.50,0
0.5 23.758577852124 9.970137780823656 0.5 lemur-nchaltonoffdens10000,0.9-0.50,0.50,0
0.6 26.95337345494776 11.96727494245588 0.5 lemur-nchaltonoffdens10000,0.9-0.50,0.50,0
0.7 27.323215368402234 13.335251105763135 0.8 lemur-nchaltonoffdens10000,0.9-0.20,0.80,0
0.8 30.03849953215536 15.243219728930736 0.8 lemur-nchaltonoffdens10000,0.9-0.20,0.80,0
0.9 30.285680656346525 15.239933215988847 0.99 lemur-nchaltonoffdens10000,0.9-0.01,0.99,0
1.0 32.4256549453472 16.925304036771287 0.99 lemur-nchaltonoffdens10000,0.9-0.01,0.99,0
