lambda-u utility-finmean utility-stderrfinmean best-param best-planner
0.0 7.067072883063998 0.13675774220295978 0.0 lemur-haltonoffdens10000,0.9-1.00,0.00,0
0.1 6.738358150375562 0.1487270348169768 0.0 lemur-haltonoffdens10000,0.9-1.00,0.00,0
0.2 6.409643417687119 0.18223669728416417 0.0 lemur-haltonoffdens10000,0.9-1.00,0.00,0
0.3 6.080928684998679 0.2279783518389865 0.0 lemur-haltonoffdens10000,0.9-1.00,0.00,0
0.4 5.7502757146158565 0.27943428364010087 0.2 lemur-haltonoffdens10000,0.9-0.80,0.20,0
0.5 5.416978502058619 0.3356613443916393 0.2 lemur-haltonoffdens10000,0.9-0.80,0.20,0
0.6 5.062914388474745 0.3622109577772124 0.5 lemur-haltonoffdens10000,0.9-0.50,0.50,0
0.7 4.707272177560068 0.41464639519964946 0.5 lemur-haltonoffdens10000,0.9-0.50,0.50,0
0.8 4.318698411607488 0.41880097740786904 0.8 lemur-haltonoffdens10000,0.9-0.20,0.80,0
0.9 3.7325443996049876 0.4407128533410192 0.99 lemur-haltonoffdens10000,0.9-0.01,0.99,0
1.0 2.9863926696757206 0.4649197223754403 0.99 lemur-haltonoffdens10000,0.9-0.01,0.99,0
