lambda-u utility-finmean utility-stderrfinmean best-param best-planner
0.0 3.220858751652 0.08109604754981947 0.0 lemur-haltonoffdens10000,0.9-1.00,0.00,0
0.1 2.9520403001165714 0.07421563625469026 0.0 lemur-haltonoffdens10000,0.9-1.00,0.00,0
0.2 2.682755177591128 0.06718634286964745 0.2 lemur-haltonoffdens10000,0.9-0.80,0.20,0
0.3 2.4137033905606917 0.06027469641019926 0.2 lemur-haltonoffdens10000,0.9-0.80,0.20,0
0.4 2.1436556890710237 0.05288757770682484 0.5 lemur-haltonoffdens10000,0.9-0.50,0.50,0
0.5 1.8743549234257801 0.04594247169688175 0.5 lemur-haltonoffdens10000,0.9-0.50,0.50,0
0.6 1.6050541577805362 0.039086043196544976 0.5 lemur-haltonoffdens10000,0.9-0.50,0.50,0
0.7 1.3396762995664202 0.033024308218265686 0.8 lemur-haltonoffdens10000,0.9-0.20,0.80,0
0.8 1.05983092975248 0.024175228035799835 0.8 lemur-haltonoffdens10000,0.9-0.20,0.80,0
0.9 0.7864055861367961 0.01996847141992212 0.99 lemur-haltonoffdens10000,0.9-0.01,0.99,0
1.0 0.4850735473632401 0.007881377045363744 0.99 lemur-haltonoffdens10000,0.9-0.01,0.99,0
