lambda-u utility-finmean utility-stderrfinmean best-param best-planner
0.0 5.969162257376601 0.10859678577353551 0.2 lemur-nchaltonoffdens10000,1.0-0.80,0.20,0
0.1 5.919430400726141 0.11392975287948896 0.2 lemur-nchaltonoffdens10000,1.0-0.80,0.20,0
0.2 5.865010974886198 0.11123792462276069 0.5 lemur-nchaltonoffdens10000,1.0-0.50,0.50,0
0.3 5.785839918376901 0.11393655602070869 0.5 lemur-nchaltonoffdens10000,1.0-0.50,0.50,0
0.4 5.706668861867599 0.1168761931809334 0.5 lemur-nchaltonoffdens10000,1.0-0.50,0.50,0
0.5 5.627497805358302 0.12003913144553865 0.5 lemur-nchaltonoffdens10000,1.0-0.50,0.50,0
0.6 5.53261976308744 0.10644571771983664 0.8 lemur-nchaltonoffdens10000,1.0-0.20,0.80,0
0.7 5.40770137598448 0.10569588101034363 0.8 lemur-nchaltonoffdens10000,1.0-0.20,0.80,0
0.8 5.282782988881519 0.10598481016979594 0.8 lemur-nchaltonoffdens10000,1.0-0.20,0.80,0
0.9 5.144987965458099 0.10288368777871133 0.99 lemur-nchaltonoffdens10000,1.0-0.01,0.99,0
1.0 4.817436213493001 0.09040615531582735 0.99 lemur-nchaltonoffdens10000,1.0-0.01,0.99,0
