lambda-u utility-finmean utility-stderrfinmean best-param best-planner
0.0 5.1751993239758 0.06362659840211934 0.0 lemur-nchaltonoffdens10000,2.0-1.00,0.00,0
0.1 5.4032538330700595 0.08934815785519722 0.6 lemur-nchaltonoffdens10000,2.0-0.40,0.60,0
0.2 5.56488402420912 0.10851404390115356 0.6 lemur-nchaltonoffdens10000,2.0-0.40,0.60,0
0.3 5.67573203143956 0.10636012827371491 0.8 lemur-nchaltonoffdens10000,2.0-0.20,0.80,0
0.4 5.73388303056348 0.11481961732086106 0.8 lemur-nchaltonoffdens10000,2.0-0.20,0.80,0
0.5 5.7920340296873984 0.1243321002926741 0.8 lemur-nchaltonoffdens10000,2.0-0.20,0.80,0
0.6 5.85018502881132 0.13467463313793307 0.8 lemur-nchaltonoffdens10000,2.0-0.20,0.80,0
0.7 5.90833602793524 0.14567052366438737 0.8 lemur-nchaltonoffdens10000,2.0-0.20,0.80,0
0.8 5.96648702705916 0.1571827125502278 0.8 lemur-nchaltonoffdens10000,2.0-0.20,0.80,0
0.9 5.859687688032681 0.13229456064810788 0.99 lemur-nchaltonoffdens10000,2.0-0.01,0.99,0
1.0 5.6744719505312 0.1316515129757592 0.99 lemur-nchaltonoffdens10000,2.0-0.01,0.99,0
