lambda-u utility-finmean utility-stderrfinmean best-param best-planner
0.0 5.0179550367776 0.10592874330530858 0.0 lemur-nchaltonoffdens10000,1.0-1.00,0.00,0
0.1 5.301222121791522 0.1225787955552235 0.0 lemur-nchaltonoffdens10000,1.0-1.00,0.00,0
0.2 5.558276782294562 0.13766384467144718 0.2 lemur-nchaltonoffdens10000,1.0-0.80,0.20,0
0.3 5.827910582649338 0.15440325593232715 0.2 lemur-nchaltonoffdens10000,1.0-0.80,0.20,0
0.4 5.9804692268185615 0.1753022463609277 0.5 lemur-nchaltonoffdens10000,1.0-0.50,0.50,0
0.5 6.2129118116541 0.1927492854010421 0.5 lemur-nchaltonoffdens10000,1.0-0.50,0.50,0
0.6 6.445354396489638 0.2103456664955775 0.5 lemur-nchaltonoffdens10000,1.0-0.50,0.50,0
0.7 6.168418148277681 0.2516568721433264 0.8 lemur-nchaltonoffdens10000,1.0-0.20,0.80,0
0.8 6.292957883356719 0.27479969817083527 0.8 lemur-nchaltonoffdens10000,1.0-0.20,0.80,0
0.9 7.054826298151381 0.48001169963286233 0.99 lemur-nchaltonoffdens10000,1.0-0.01,0.99,0
1.0 6.915780186652 0.5141955952027133 0.99 lemur-nchaltonoffdens10000,1.0-0.01,0.99,0
