lambda-u utility-finmean utility-stderrfinmean best-param best-planner
0.0 5.969162257376601 0.10859678577353551 0.0 lemur-haltonoffdens10000,1.0-1.00,0.00,0
0.1 5.511982621070752 0.10242357045999959 0.0 lemur-haltonoffdens10000,1.0-1.00,0.00,0
0.2 5.047299316254464 0.09523796076971207 0.2 lemur-haltonoffdens10000,1.0-0.80,0.20,0
0.3 4.586130578504396 0.08865726958092163 0.2 lemur-haltonoffdens10000,1.0-0.80,0.20,0
0.4 4.10502509954672 0.08127556301460685 0.5 lemur-haltonoffdens10000,1.0-0.50,0.50,0
0.5 3.6328983940937984 0.07418912477727184 0.5 lemur-haltonoffdens10000,1.0-0.50,0.50,0
0.6 3.16077168864088 0.0672275375416895 0.5 lemur-haltonoffdens10000,1.0-0.50,0.50,0
0.7 2.6121883414780127 0.05519926363816419 0.8 lemur-haltonoffdens10000,1.0-0.20,0.80,0
0.8 2.1096948320731284 0.04648466255072379 0.8 lemur-haltonoffdens10000,1.0-0.20,0.80,0
0.9 1.5626760116381218 0.028580227357599387 0.99 lemur-haltonoffdens10000,1.0-0.01,0.99,0
1.0 1.0356766462325802 0.018157158100604028 0.99 lemur-haltonoffdens10000,1.0-0.01,0.99,0
