lambda-u utility-finmean utility-stderrfinmean best-param best-planner
0.0 5.736880826349601 0.09326678312691129 0.0 lemur-haltonoffdens10000,0.9-1.00,0.00,0
0.1 6.09688791316404 0.23431557296233674 0.0 lemur-haltonoffdens10000,0.9-1.00,0.00,0
0.2 6.45689499997848 0.3793298257267098 0.0 lemur-haltonoffdens10000,0.9-1.00,0.00,0
0.3 6.624452137395159 0.30895738719010285 0.8 lemur-haltonoffdens10000,0.9-0.20,0.80,0
0.4 6.781118365223282 0.37134000319310206 0.8 lemur-haltonoffdens10000,0.9-0.20,0.80,0
0.5 6.937784593051401 0.4346252878025938 0.8 lemur-haltonoffdens10000,0.9-0.20,0.80,0
0.6 7.094450820879519 0.4984695533103687 0.8 lemur-haltonoffdens10000,0.9-0.20,0.80,0
0.7 7.251117048707642 0.5626825590964287 0.8 lemur-haltonoffdens10000,0.9-0.20,0.80,0
0.8 7.407783276535761 0.627151051182321 0.8 lemur-haltonoffdens10000,0.9-0.20,0.80,0
0.9 7.036643070970282 0.732976919242852 0.99 lemur-haltonoffdens10000,0.9-0.01,0.99,0
1.0 6.238074426651599 0.7440465528817434 0.99 lemur-haltonoffdens10000,0.9-0.01,0.99,0
