lambda-u utility-finmean utility-stderrfinmean best-param best-planner
0.0 4.35014117783 0.07054922362291992 0.1 lemur-nchaltonoffdens10000,2.0-0.90,0.10,0
0.1 4.49580793534824 0.0756275645105857 0.1 lemur-nchaltonoffdens10000,2.0-0.90,0.10,0
0.2 4.64147469286648 0.08222203689870904 0.1 lemur-nchaltonoffdens10000,2.0-0.90,0.10,0
0.3 4.766040643049822 0.07754242165855353 0.7 lemur-nchaltonoffdens10000,2.0-0.30,0.70,0
0.4 4.856499594329641 0.0770957743348651 0.8 lemur-nchaltonoffdens10000,2.0-0.20,0.80,0
0.5 4.938881581325301 0.07579609498359072 0.8 lemur-nchaltonoffdens10000,2.0-0.20,0.80,0
0.6 5.02126356832096 0.07578765084531736 0.8 lemur-nchaltonoffdens10000,2.0-0.20,0.80,0
0.7 5.10364555531662 0.07707086633717776 0.8 lemur-nchaltonoffdens10000,2.0-0.20,0.80,0
0.8 5.186027542312279 0.07958328509615364 0.8 lemur-nchaltonoffdens10000,2.0-0.20,0.80,0
0.9 5.20305280205076 0.08855996339461226 0.99 lemur-nchaltonoffdens10000,2.0-0.01,0.99,0
1.0 5.1529174709318 0.0900656312451821 0.99 lemur-nchaltonoffdens10000,2.0-0.01,0.99,0
