lambda-u utility-finmean utility-stderrfinmean best-param best-planner
0.0 4.684397272645599 0.038010402376046665 0.0 lemur-haltonoffdens10000,0.9-1.00,0.00,0
0.1 4.303810411553827 0.038504587115745934 0.0 lemur-haltonoffdens10000,0.9-1.00,0.00,0
0.2 3.9177711638149924 0.03816490761728438 0.2 lemur-haltonoffdens10000,0.9-0.80,0.20,0
0.3 3.528686492571688 0.037395060123368976 0.2 lemur-haltonoffdens10000,0.9-0.80,0.20,0
0.4 3.139601821328384 0.03683406176053216 0.2 lemur-haltonoffdens10000,0.9-0.80,0.20,0
0.5 2.7505171500850802 0.036491545950820006 0.2 lemur-haltonoffdens10000,0.9-0.80,0.20,0
0.6 2.355063135085432 0.03091454287007625 0.5 lemur-haltonoffdens10000,0.9-0.50,0.50,0
0.7 1.9582058848872044 0.03040462379172106 0.5 lemur-haltonoffdens10000,0.9-0.50,0.50,0
0.8 1.5613486346889756 0.030477305185584537 0.5 lemur-haltonoffdens10000,0.9-0.50,0.50,0
0.9 1.1324255499593798 0.03270277946924398 0.8 lemur-haltonoffdens10000,0.9-0.20,0.80,0
1.0 0.6408730697631201 0.0179071518669209 0.99 lemur-haltonoffdens10000,0.9-0.01,0.99,0
