lambda-u utility-finmean utility-stderrfinmean best-param best-planner
0.0 4.9175458462794 0.047745246543316064 0.0 lemur-nchaltonoffdens10000,1.0-1.00,0.00,0
0.1 4.929003088929679 0.05463899923904005 0.0 lemur-nchaltonoffdens10000,1.0-1.00,0.00,0
0.2 4.931540579772039 0.0603859308666527 0.2 lemur-nchaltonoffdens10000,1.0-0.80,0.20,0
0.3 4.934599258878859 0.06744978414264452 0.2 lemur-nchaltonoffdens10000,1.0-0.80,0.20,0
0.4 4.878394541536841 0.0704838757936937 0.5 lemur-nchaltonoffdens10000,1.0-0.50,0.50,0
0.5 4.8618044485939 0.07673100508953608 0.5 lemur-nchaltonoffdens10000,1.0-0.50,0.50,0
0.6 4.8452143556509615 0.08326667060579891 0.5 lemur-nchaltonoffdens10000,1.0-0.50,0.50,0
0.7 4.582091375071521 0.07212540952488046 0.8 lemur-nchaltonoffdens10000,1.0-0.20,0.80,0
0.8 4.503276812685079 0.07384364109307195 0.8 lemur-nchaltonoffdens10000,1.0-0.20,0.80,0
0.9 4.4333621253849405 0.07341723260281728 0.99 lemur-nchaltonoffdens10000,1.0-0.01,0.99,0
1.0 4.125292744637199 0.06835565335187649 0.99 lemur-nchaltonoffdens10000,1.0-0.01,0.99,0
