lambda-u utility-finmean utility-stderrfinmean best-param best-planner
0.0 6.155137668632798 0.17274183053197872 0.0 lemur-nchaltonoffdens10000,0.9-1.00,0.00,0
0.1 6.10966438524416 0.2002396710545499 0.0 lemur-nchaltonoffdens10000,0.9-1.00,0.00,0
0.2 6.061907431274239 0.2524886327817833 0.2 lemur-nchaltonoffdens10000,0.9-0.80,0.20,0
0.3 6.013990007232559 0.31778122177242 0.2 lemur-nchaltonoffdens10000,0.9-0.80,0.20,0
0.4 5.993755509405521 0.3906742050849033 0.5 lemur-nchaltonoffdens10000,0.9-0.50,0.50,0
0.5 5.9438391947994 0.4648820625903361 0.5 lemur-nchaltonoffdens10000,0.9-0.50,0.50,0
0.6 5.89392288019328 0.5410814769961366 0.5 lemur-nchaltonoffdens10000,0.9-0.50,0.50,0
0.7 5.830620965071919 0.5987123810250244 0.8 lemur-nchaltonoffdens10000,0.9-0.20,0.80,0
0.8 5.713715415999678 0.6763369236603081 0.8 lemur-nchaltonoffdens10000,0.9-0.20,0.80,0
0.9 5.71447154890224 0.7749827987976843 0.99 lemur-nchaltonoffdens10000,0.9-0.01,0.99,0
1.0 5.3881401634244 0.8491755219583583 0.99 lemur-nchaltonoffdens10000,0.9-0.01,0.99,0
