lambda-u utility-finmean utility-stderrfinmean best-param best-planner
0.0 4.6902379306808 0.22876374692204857 10.0 bitstar-default-sc10.00
0.1 5.324639515921003 0.21975400223195257 6.3 bitstar-default-sc06.30
0.2 5.62554852104277 0.23914503069566004 4.0 bitstar-default-sc04.00
0.3 5.768505717755252 0.24510090489952063 4.0 bitstar-default-sc04.00
0.4 5.672705811378937 0.32064039107512626 1.6 bitstar-default-sc01.60
0.5 5.455455858606218 0.3355936183493765 1.6 bitstar-default-sc01.60
0.6 5.041567105730945 0.3739851304613743 0.0 bitstar-default-sc00.00
0.7 4.473476852983869 0.39694508864283906 0.0 bitstar-default-sc00.00
0.8 3.9053866002367927 0.4233278992162167 0.0 bitstar-default-sc00.00
0.9 3.3372963474897155 0.4525353006977943 0.0 bitstar-default-sc00.00
1.0 2.76920609474264 0.48405626508305283 0.0 bitstar-default-sc00.00
