lambda-u utility-finmean utility-stderrfinmean best-param best-planner
0.0 5.177610132248001 0.09942191725034441 0.0 lemur-haltonoffdens10000,0.9-1.00,0.00,0
0.1 5.029615081623961 0.10996782195492898 0.0 lemur-haltonoffdens10000,0.9-1.00,0.00,0
0.2 4.88162003099992 0.12098572961897658 0.0 lemur-haltonoffdens10000,0.9-1.00,0.00,0
0.3 4.73362498037588 0.13235781936670682 0.0 lemur-haltonoffdens10000,0.9-1.00,0.00,0
0.4 4.585629929751839 0.1440002034503146 0.0 lemur-haltonoffdens10000,0.9-1.00,0.00,0
0.5 4.399727417385599 0.1561249383786644 0.8 lemur-haltonoffdens10000,0.9-0.20,0.80,0
0.6 4.14949367440216 0.16231904228120467 0.8 lemur-haltonoffdens10000,0.9-0.20,0.80,0
0.7 3.713577133326881 0.17466559104542048 0.99 lemur-haltonoffdens10000,0.9-0.01,0.99,0
0.8 3.08573325230592 0.14672803136273754 0.99 lemur-haltonoffdens10000,0.9-0.01,0.99,0
0.9 2.45788937128496 0.12105007217478869 0.99 lemur-haltonoffdens10000,0.9-0.01,0.99,0
1.0 1.8300454902640002 0.09939860689696438 0.99 lemur-haltonoffdens10000,0.9-0.01,0.99,0
