lambda-u utility-finmean utility-stderrfinmean best-param best-planner
0.0 7.3729481840034 0.10383227231071826 0.0 lemur-haltonoffdens10000,1.0-1.00,0.00,0
0.1 6.723360824099128 0.09793149535302483 0.0 lemur-haltonoffdens10000,1.0-1.00,0.00,0
0.2 6.069221628258651 0.09081950851065736 0.2 lemur-haltonoffdens10000,1.0-0.80,0.20,0
0.3 5.416012813032978 0.08434159207406065 0.2 lemur-haltonoffdens10000,1.0-0.80,0.20,0
0.4 4.766855991868745 0.07881496098481608 0.5 lemur-haltonoffdens10000,1.0-0.50,0.50,0
0.5 4.10409018399693 0.07131871621836364 0.5 lemur-haltonoffdens10000,1.0-0.50,0.50,0
0.6 3.4413243761251158 0.06401152640194034 0.5 lemur-haltonoffdens10000,1.0-0.50,0.50,0
0.7 2.786169470317634 0.05257718659752007 0.8 lemur-haltonoffdens10000,1.0-0.20,0.80,0
0.8 2.0951242183098957 0.04336706312839259 0.8 lemur-haltonoffdens10000,1.0-0.20,0.80,0
0.9 1.44822558934862 0.03870708278541526 0.99 lemur-haltonoffdens10000,1.0-0.01,0.99,0
1.0 0.659934425354 0.016466905824197346 0.99 lemur-haltonoffdens10000,1.0-0.01,0.99,0
