lambda-u utility-finmean utility-stderrfinmean best-param best-planner
0.0 5.136656532530201 0.07555017160066514 0.0 lemur-haltonoffdens10000,1.0-1.00,0.00,0
0.1 4.7616141521291855 0.07430128755307855 0.2 lemur-haltonoffdens10000,1.0-0.80,0.20,0
0.2 4.381154250511972 0.07301129327309502 0.2 lemur-haltonoffdens10000,1.0-0.80,0.20,0
0.3 4.0006943488947595 0.07205045305516444 0.2 lemur-haltonoffdens10000,1.0-0.80,0.20,0
0.4 3.6202344472775447 0.0714320505948062 0.2 lemur-haltonoffdens10000,1.0-0.80,0.20,0
0.5 3.2397745456603304 0.07116501349387488 0.2 lemur-haltonoffdens10000,1.0-0.80,0.20,0
0.6 2.8593146440431156 0.07125329231458549 0.2 lemur-haltonoffdens10000,1.0-0.80,0.20,0
0.7 2.4788547424259018 0.07169557456658035 0.2 lemur-haltonoffdens10000,1.0-0.80,0.20,0
0.8 2.0770463856503754 0.06949248876346599 0.8 lemur-haltonoffdens10000,1.0-0.20,0.80,0
0.9 1.6579354886435977 0.06978128200378482 0.8 lemur-haltonoffdens10000,1.0-0.20,0.80,0
1.0 1.2073923349377198 0.08247950060796996 0.99 lemur-haltonoffdens10000,1.0-0.01,0.99,0
