lambda-u utility-finmean utility-stderrfinmean best-param best-planner
0.0 6.326488192985201 0.2669508186137436 0.0 lemur-nchaltonoffdens10000,0.9-1.00,0.00,0
0.1 7.7056376591703994 0.501134355052954 0.0 lemur-nchaltonoffdens10000,0.9-1.00,0.00,0
0.2 9.357004894581362 0.815808720280585 0.2 lemur-nchaltonoffdens10000,0.9-0.80,0.20,0
0.3 10.871696029948039 1.1056165794095334 0.2 lemur-nchaltonoffdens10000,0.9-0.80,0.20,0
0.4 11.575257170695838 1.2083265687188525 0.5 lemur-nchaltonoffdens10000,0.9-0.50,0.50,0
0.5 12.883009089645398 1.4553975815783522 0.5 lemur-nchaltonoffdens10000,0.9-0.50,0.50,0
0.6 14.19076100859496 1.7031243112272811 0.5 lemur-nchaltonoffdens10000,0.9-0.50,0.50,0
0.7 12.680476467976638 1.5786605583152347 0.8 lemur-nchaltonoffdens10000,0.9-0.20,0.80,0
0.8 13.550457501656563 1.7776446182858838 0.8 lemur-nchaltonoffdens10000,0.9-0.20,0.80,0
0.9 11.46060849204908 1.597244843076018 0.99 lemur-nchaltonoffdens10000,0.9-0.01,0.99,0
1.0 11.658461427694 1.7294875530344416 0.99 lemur-nchaltonoffdens10000,0.9-0.01,0.99,0
