lambda-u utility-finmean utility-stderrfinmean best-param best-planner
0.0 5.736880826349601 0.09326678312691129 0.0 lemur-nchaltonoffdens10000,0.9-1.00,0.00,0
0.1 6.4759632429436 0.233572731417207 0.0 lemur-nchaltonoffdens10000,0.9-1.00,0.00,0
0.2 7.215045659537599 0.37767550152005985 0.0 lemur-nchaltonoffdens10000,0.9-1.00,0.00,0
0.3 7.814228915617841 0.31150986970511263 0.8 lemur-nchaltonoffdens10000,0.9-0.20,0.80,0
0.4 8.36748740285352 0.37399794571823264 0.8 lemur-nchaltonoffdens10000,0.9-0.20,0.80,0
0.5 8.9207458900892 0.4372782310290534 0.8 lemur-nchaltonoffdens10000,0.9-0.20,0.80,0
0.6 9.474004377324881 0.5010506588310373 0.8 lemur-nchaltonoffdens10000,0.9-0.20,0.80,0
0.7 10.02726286456056 0.5651486508440177 0.8 lemur-nchaltonoffdens10000,0.9-0.20,0.80,0
0.8 10.58052135179624 0.6294727602043544 0.8 lemur-nchaltonoffdens10000,0.9-0.20,0.80,0
0.9 10.402335342197722 0.6785106207891289 0.99 lemur-nchaltonoffdens10000,0.9-0.01,0.99,0
1.0 9.977732505793199 0.6846384680905686 0.99 lemur-nchaltonoffdens10000,0.9-0.01,0.99,0
