lambda-u utility-finmean utility-stderrfinmean best-param best-planner
0.0 3.940955482362 0.06965196501934659 0.0 lemur-nchaltonoffdens10000,0.9-1.00,0.00,0
0.1 4.24628505447964 0.08560776047750987 0.0 lemur-nchaltonoffdens10000,0.9-1.00,0.00,0
0.2 4.551614626597281 0.10272918453446081 0.0 lemur-nchaltonoffdens10000,0.9-1.00,0.00,0
0.3 4.8569441987149204 0.12052048097513576 0.0 lemur-nchaltonoffdens10000,0.9-1.00,0.00,0
0.4 5.1622737708325594 0.13872415648351594 0.0 lemur-nchaltonoffdens10000,0.9-1.00,0.00,0
0.5 5.3825229086143995 0.13936610271801847 0.8 lemur-nchaltonoffdens10000,0.9-0.20,0.80,0
0.6 5.481083976215761 0.1442104505599162 0.99 lemur-nchaltonoffdens10000,0.9-0.01,0.99,0
0.7 5.516460426886921 0.12270401774936199 0.99 lemur-nchaltonoffdens10000,0.9-0.01,0.99,0
0.8 5.55183687755808 0.10372396946612983 0.99 lemur-nchaltonoffdens10000,0.9-0.01,0.99,0
0.9 5.58721332822924 0.08890338385358967 0.99 lemur-nchaltonoffdens10000,0.9-0.01,0.99,0
1.0 5.622589778900402 0.08057124442541516 0.99 lemur-nchaltonoffdens10000,0.9-0.01,0.99,0
