lambda-u utility-finmean utility-stderrfinmean best-param best-planner
0.0 5.969162257376601 0.10859678577353551 0.0 lemur-haltonoffdens10000,1.0-1.00,0.00,0
0.1 5.508468054004533 0.10187541635742173 0.2 lemur-haltonoffdens10000,1.0-0.80,0.20,0
0.2 5.047299316254464 0.09523796076971207 0.2 lemur-haltonoffdens10000,1.0-0.80,0.20,0
0.3 4.57715180499964 0.08845685122301394 0.5 lemur-haltonoffdens10000,1.0-0.50,0.50,0
0.4 4.10502509954672 0.08127556301460685 0.5 lemur-haltonoffdens10000,1.0-0.50,0.50,0
0.5 3.6171753602877805 0.07312052516272832 0.8 lemur-haltonoffdens10000,1.0-0.20,0.80,0
0.6 3.1146818508828966 0.06410060703354062 0.8 lemur-haltonoffdens10000,1.0-0.20,0.80,0
0.7 2.6121883414780127 0.05519926363816419 0.8 lemur-haltonoffdens10000,1.0-0.20,0.80,0
0.8 2.0896753770436636 0.039555695089696065 0.99 lemur-haltonoffdens10000,1.0-0.01,0.99,0
0.9 1.5626760116381218 0.028580227357599387 0.99 lemur-haltonoffdens10000,1.0-0.01,0.99,0
1.0 1.0356766462325802 0.018157158100604028 0.99 lemur-haltonoffdens10000,1.0-0.01,0.99,0
