lambda-u utility-finmean utility-stderrfinmean best-param best-planner
0.0 4.9049272875432 0.11943864333214901 0.2 lemur-nchaltonoffdens10000,0.9-0.80,0.20,0
0.1 6.059451050113601 0.21504806715640767 0.8 lemur-nchaltonoffdens10000,0.9-0.20,0.80,0
0.2 6.862612218283601 0.3205676782467336 0.8 lemur-nchaltonoffdens10000,0.9-0.20,0.80,0
0.3 7.6657733864535995 0.43071625795716556 0.8 lemur-nchaltonoffdens10000,0.9-0.20,0.80,0
0.4 8.468934554623601 0.5426824548334629 0.8 lemur-nchaltonoffdens10000,0.9-0.20,0.80,0
0.5 9.033333269358002 0.7157149439956527 0.99 lemur-nchaltonoffdens10000,0.9-0.01,0.99,0
0.6 9.27687936306064 0.790857603494553 0.99 lemur-nchaltonoffdens10000,0.9-0.01,0.99,0
0.7 9.520425456763281 0.8743925557471977 0.99 lemur-nchaltonoffdens10000,0.9-0.01,0.99,0
0.8 9.763971550465918 0.9641408915099525 0.99 lemur-nchaltonoffdens10000,0.9-0.01,0.99,0
0.9 10.00751764416856 1.0585233584629186 0.99 lemur-nchaltonoffdens10000,0.9-0.01,0.99,0
1.0 10.251063737871199 1.1564058399783996 0.99 lemur-nchaltonoffdens10000,0.9-0.01,0.99,0
