lambda-u utility-finmean utility-stderrfinmean best-param best-planner
0.0 5.736880826349601 0.09326678312691129 0.0 lemur-haltonoffdens10000,0.9-1.00,0.00,0
0.1 6.09688791316404 0.23431557296233674 0.0 lemur-haltonoffdens10000,0.9-1.00,0.00,0
0.2 6.666937847729602 0.3583520524232524 0.2 lemur-haltonoffdens10000,0.9-0.80,0.20,0
0.3 7.130968713086401 0.49301673357457076 0.2 lemur-haltonoffdens10000,0.9-0.80,0.20,0
0.4 7.2553347955146394 0.5114061915142607 0.5 lemur-haltonoffdens10000,0.9-0.50,0.50,0
0.5 7.614504652454201 0.6184837630754026 0.5 lemur-haltonoffdens10000,0.9-0.50,0.50,0
0.6 7.97367450939376 0.7256582598304492 0.5 lemur-haltonoffdens10000,0.9-0.50,0.50,0
0.7 7.251117048707642 0.5626825590964287 0.8 lemur-haltonoffdens10000,0.9-0.20,0.80,0
0.8 7.407783276535761 0.627151051182321 0.8 lemur-haltonoffdens10000,0.9-0.20,0.80,0
0.9 7.036643070970282 0.732976919242852 0.99 lemur-haltonoffdens10000,0.9-0.01,0.99,0
1.0 6.238074426651599 0.7440465528817434 0.99 lemur-haltonoffdens10000,0.9-0.01,0.99,0
