lambda-u utility-finmean utility-stderrfinmean best-param best-planner
0.0 6.4414372241701985 0.12017090867131625 0.0 lemur-nchaltonoffdens10000,1.0-1.00,0.00,0
0.1 6.789705697435542 0.17568524980220984 0.0 lemur-nchaltonoffdens10000,1.0-1.00,0.00,0
0.2 7.137974170700883 0.25517971997570604 0.0 lemur-nchaltonoffdens10000,1.0-1.00,0.00,0
0.3 7.486242643966219 0.34233783716868693 0.0 lemur-nchaltonoffdens10000,1.0-1.00,0.00,0
0.4 7.8345111172315605 0.43255152619015097 0.0 lemur-nchaltonoffdens10000,1.0-1.00,0.00,0
0.5 8.1827795904969 0.524245718764744 0.0 lemur-nchaltonoffdens10000,1.0-1.00,0.00,0
0.6 8.453876418479002 0.5832167602875273 0.8 lemur-nchaltonoffdens10000,1.0-0.20,0.80,0
0.7 8.7202824457051 0.6701423918621828 0.8 lemur-nchaltonoffdens10000,1.0-0.20,0.80,0
0.8 8.911556582607277 0.806473057218198 0.99 lemur-nchaltonoffdens10000,1.0-0.01,0.99,0
0.9 8.793336088735542 0.8943577454419882 0.99 lemur-nchaltonoffdens10000,1.0-0.01,0.99,0
1.0 8.6751155948638 0.9835830906990572 0.99 lemur-nchaltonoffdens10000,1.0-0.01,0.99,0
