lambda-u utility-finmean utility-stderrfinmean best-param best-planner
0.0 4.9049272875432 0.11943864333214901 0.2 lemur-haltonoffdens10000,0.9-0.80,0.20,0
0.1 5.6837410424464805 0.21687537539611346 0.8 lemur-haltonoffdens10000,0.9-0.20,0.80,0
0.2 6.111192202949361 0.32272787860979124 0.8 lemur-haltonoffdens10000,0.9-0.20,0.80,0
0.3 6.538643363452239 0.43280210831112315 0.8 lemur-haltonoffdens10000,0.9-0.20,0.80,0
0.4 6.96609452395512 0.5445439123091327 0.8 lemur-haltonoffdens10000,0.9-0.20,0.80,0
0.5 7.0550003921997995 0.702796234005423 0.99 lemur-haltonoffdens10000,0.9-0.01,0.99,0
0.6 6.9028799104708005 0.7724645855697025 0.99 lemur-haltonoffdens10000,0.9-0.01,0.99,0
0.7 6.750759428741801 0.8503673595039576 0.99 lemur-haltonoffdens10000,0.9-0.01,0.99,0
0.8 6.598638947012801 0.9344473644798231 0.99 lemur-haltonoffdens10000,0.9-0.01,0.99,0
0.9 6.446518465283799 1.0231828910708176 0.99 lemur-haltonoffdens10000,0.9-0.01,0.99,0
1.0 6.294397983554801 1.1154634466893023 0.99 lemur-haltonoffdens10000,0.9-0.01,0.99,0
