lambda-u utility-finmean utility-stderrfinmean best-param best-planner
0.0 6.4414372241701985 0.12017090867131625 0.0 lemur-nchaltonoffdens10000,1.0-1.00,0.00,0
0.1 6.789705697435542 0.17568524980220984 0.0 lemur-nchaltonoffdens10000,1.0-1.00,0.00,0
0.2 7.188986002025562 0.27963894216128304 0.2 lemur-nchaltonoffdens10000,1.0-0.80,0.20,0
0.3 7.559970162202939 0.3813460158575448 0.2 lemur-nchaltonoffdens10000,1.0-0.80,0.20,0
0.4 7.87367380621096 0.4362538224745374 0.5 lemur-nchaltonoffdens10000,1.0-0.50,0.50,0
0.5 8.2155304495662 0.528610215972652 0.5 lemur-nchaltonoffdens10000,1.0-0.50,0.50,0
0.6 8.557387092921438 0.6218499078856393 0.5 lemur-nchaltonoffdens10000,1.0-0.50,0.50,0
0.7 8.7202824457051 0.6701423918621828 0.8 lemur-nchaltonoffdens10000,1.0-0.20,0.80,0
0.8 8.9866884729312 0.7574709153787302 0.8 lemur-nchaltonoffdens10000,1.0-0.20,0.80,0
0.9 8.793336088735542 0.8943577454419882 0.99 lemur-nchaltonoffdens10000,1.0-0.01,0.99,0
1.0 8.6751155948638 0.9835830906990572 0.99 lemur-nchaltonoffdens10000,1.0-0.01,0.99,0
