lambda-u utility-finmean utility-stderrfinmean best-param best-planner
0.0 3.220858751652 0.08109604754981947 0.2 lemur-haltonoffdens10000,0.9-0.80,0.20,0
0.1 2.959587008223548 0.07503211268421486 0.0 lemur-haltonoffdens10000,0.9-1.00,0.00,0
0.2 2.698315264795096 0.06900030828299025 0.0 lemur-haltonoffdens10000,0.9-1.00,0.00,0
0.3 2.4370435213666437 0.06300986237150108 0.0 lemur-haltonoffdens10000,0.9-1.00,0.00,0
0.4 2.175771777938192 0.0570737993534701 0.0 lemur-haltonoffdens10000,0.9-1.00,0.00,0
0.5 1.9145000345097396 0.05121103389740985 0.0 lemur-haltonoffdens10000,0.9-1.00,0.00,0
0.6 1.653228291081288 0.04544993967740769 0.0 lemur-haltonoffdens10000,0.9-1.00,0.00,0
0.7 1.3919565476528362 0.03983465380990746 0.0 lemur-haltonoffdens10000,0.9-1.00,0.00,0
0.8 1.130113446231872 0.0288552286206614 0.8 lemur-haltonoffdens10000,0.9-0.20,0.80,0
0.9 0.855744714631152 0.020944503774837454 0.99 lemur-haltonoffdens10000,0.9-0.01,0.99,0
1.0 0.5621170234680801 0.01106958615912732 0.99 lemur-haltonoffdens10000,0.9-0.01,0.99,0
