lambda-u utility-finmean utility-stderrfinmean best-param best-planner
0.0 6.425040320041202 0.06033881737799191 0.0 lemur-nchaltonoffdens10000,1.0-1.00,0.00,0
0.1 6.350623147740201 0.062397625675260394 0.0 lemur-nchaltonoffdens10000,1.0-1.00,0.00,0
0.2 6.269386144231642 0.06519157075508401 0.2 lemur-nchaltonoffdens10000,1.0-0.80,0.20,0
0.3 6.186153164388759 0.06811201759531535 0.2 lemur-nchaltonoffdens10000,1.0-0.80,0.20,0
0.4 6.092631172033318 0.07326769161948012 0.5 lemur-nchaltonoffdens10000,1.0-0.50,0.50,0
0.5 5.9824486357737 0.07592702797238862 0.5 lemur-nchaltonoffdens10000,1.0-0.50,0.50,0
0.6 5.872266099514084 0.07905545461674919 0.5 lemur-nchaltonoffdens10000,1.0-0.50,0.50,0
0.7 5.535771561992501 0.05808512615721971 0.8 lemur-nchaltonoffdens10000,1.0-0.20,0.80,0
0.8 5.3267332944158 0.057468603675401256 0.8 lemur-nchaltonoffdens10000,1.0-0.20,0.80,0
0.9 5.129245158599199 0.06312394559578813 0.99 lemur-nchaltonoffdens10000,1.0-0.01,0.99,0
1.0 4.641517691611801 0.04029512790909513 0.99 lemur-nchaltonoffdens10000,1.0-0.01,0.99,0
