lambda-u utility-finmean utility-stderrfinmean best-param best-planner
0.0 5.1751993239758 0.06362659840211934 0.0 lemur-haltonoffdens10000,2.0-1.00,0.00,0
0.1 5.0263843791630896 0.09037804833494192 0.6 lemur-haltonoffdens10000,2.0-0.40,0.60,0
0.2 4.8111451163951795 0.1107535210463312 0.6 lemur-haltonoffdens10000,2.0-0.40,0.60,0
0.3 4.5133551484098 0.10692696718932018 0.8 lemur-haltonoffdens10000,2.0-0.20,0.80,0
0.4 4.184047186523799 0.11558665059258759 0.8 lemur-haltonoffdens10000,2.0-0.20,0.80,0
0.5 3.8547392246377994 0.12529483350790124 0.8 lemur-haltonoffdens10000,2.0-0.20,0.80,0
0.6 3.525431262751799 0.13582687818684933 0.8 lemur-haltonoffdens10000,2.0-0.20,0.80,0
0.7 3.1961233008658008 0.14700581756464776 0.8 lemur-haltonoffdens10000,2.0-0.20,0.80,0
0.8 2.843318949389416 0.1473451429908478 0.9 lemur-haltonoffdens10000,2.0-0.10,0.90,0
0.9 2.2793059183750275 0.12191051504743364 0.99 lemur-haltonoffdens10000,2.0-0.01,0.99,0
1.0 1.6962699842449205 0.11689072818972727 0.99 lemur-haltonoffdens10000,2.0-0.01,0.99,0
