lambda-u utility-finmean utility-stderrfinmean best-param best-planner
0.0 7.067072883063998 0.13675774220295978 0.0 lemur-nchaltonoffdens10000,0.9-1.00,0.00,0
0.1 7.72126759423148 0.46461161190629297 0.0 lemur-nchaltonoffdens10000,0.9-1.00,0.00,0
0.2 8.63995133555744 1.0579526763346205 0.2 lemur-nchaltonoffdens10000,0.9-0.80,0.20,0
0.3 9.418194720913759 1.5792023460711653 0.2 lemur-nchaltonoffdens10000,0.9-0.80,0.20,0
0.4 9.57118441744936 1.5663400828868945 0.5 lemur-nchaltonoffdens10000,0.9-0.50,0.50,0
0.5 10.164788608320999 1.9551069724721835 0.5 lemur-nchaltonoffdens10000,0.9-0.50,0.50,0
0.6 10.758392799192642 2.3443024428035653 0.5 lemur-nchaltonoffdens10000,0.9-0.50,0.50,0
0.7 12.86106018303512 3.8864962566827 0.8 lemur-nchaltonoffdens10000,0.9-0.20,0.80,0
0.8 13.580583192502877 4.4359193665620085 0.8 lemur-nchaltonoffdens10000,0.9-0.20,0.80,0
0.9 13.919084376694313 4.788316127801034 0.99 lemur-nchaltonoffdens10000,0.9-0.01,0.99,0
1.0 14.304770421997203 5.316200143788295 0.99 lemur-nchaltonoffdens10000,0.9-0.01,0.99,0
