lambda-u utility-finmean utility-stderrfinmean best-param best-planner
0.0 5.463106110048799 0.07506272076825574 0.0 lemur-haltonoffdens10000,1.0-1.00,0.00,0
0.1 5.040871213155232 0.07241832360460433 0.0 lemur-haltonoffdens10000,1.0-1.00,0.00,0
0.2 4.618636316261666 0.06997829838261087 0.0 lemur-haltonoffdens10000,1.0-1.00,0.00,0
0.3 4.194174571901772 0.06911144355947987 0.5 lemur-haltonoffdens10000,1.0-0.50,0.50,0
0.4 3.7634402316554962 0.06715125013717621 0.5 lemur-haltonoffdens10000,1.0-0.50,0.50,0
0.5 3.3327058914092205 0.0655038829228168 0.5 lemur-haltonoffdens10000,1.0-0.50,0.50,0
0.6 2.8944828867447843 0.0629287297691951 0.8 lemur-haltonoffdens10000,1.0-0.20,0.80,0
0.7 2.4201610701928478 0.05812415978245727 0.8 lemur-haltonoffdens10000,1.0-0.20,0.80,0
0.8 1.945839253640911 0.05418446084300745 0.8 lemur-haltonoffdens10000,1.0-0.20,0.80,0
0.9 1.380094076398594 0.04705653844103363 0.99 lemur-haltonoffdens10000,1.0-0.01,0.99,0
1.0 0.71399801254286 0.02860475236885388 0.99 lemur-haltonoffdens10000,1.0-0.01,0.99,0
