lambda-u utility-finmean utility-stderrfinmean best-param best-planner
0.0 6.546995662179199 0.08901596224777272 0.0 lemur-nchaltonoffdens10000,0.9-1.00,0.00,0
0.1 6.429597007698879 0.09332678422800507 0.2 lemur-nchaltonoffdens10000,0.9-0.80,0.20,0
0.2 6.309035430013761 0.09810173278131908 0.2 lemur-nchaltonoffdens10000,0.9-0.80,0.20,0
0.3 6.18847385232864 0.10333480541161914 0.2 lemur-nchaltonoffdens10000,0.9-0.80,0.20,0
0.4 6.06791227464352 0.10896001449440158 0.2 lemur-nchaltonoffdens10000,0.9-0.80,0.20,0
0.5 5.848791616449599 0.10243342269852777 0.8 lemur-nchaltonoffdens10000,0.9-0.20,0.80,0
0.6 5.60016982308224 0.09712197467811642 0.8 lemur-nchaltonoffdens10000,0.9-0.20,0.80,0
0.7 5.35154802971488 0.09341993419304472 0.8 lemur-nchaltonoffdens10000,0.9-0.20,0.80,0
0.8 5.102926236347519 0.09152280865174327 0.8 lemur-nchaltonoffdens10000,0.9-0.20,0.80,0
0.9 4.85430444298016 0.09154288154733345 0.8 lemur-nchaltonoffdens10000,0.9-0.20,0.80,0
1.0 4.444410066604 0.09821418321634293 0.99 lemur-nchaltonoffdens10000,0.9-0.01,0.99,0
