lambda-u utility-finmean utility-stderrfinmean best-param best-planner
0.0 6.686336872627801 0.13718877636286692 0.0 lemur-nchaltonoffdens10000,2.0-1.00,0.00,0
0.1 7.460914230126441 0.24780623466117999 0.6 lemur-nchaltonoffdens10000,2.0-0.40,0.60,0
0.2 8.140211705965882 0.36232498664113233 0.6 lemur-nchaltonoffdens10000,2.0-0.40,0.60,0
0.3 8.799604414134038 0.45883720649315574 0.7 lemur-nchaltonoffdens10000,2.0-0.30,0.70,0
0.4 9.42851904588748 0.5131768098058387 0.8 lemur-nchaltonoffdens10000,2.0-0.20,0.80,0
0.5 9.968330555804599 0.6050289061294652 0.8 lemur-nchaltonoffdens10000,2.0-0.20,0.80,0
0.6 10.461341865161282 0.6298677880788904 0.9 lemur-nchaltonoffdens10000,2.0-0.10,0.90,0
0.7 10.836163479760758 0.7041622523373651 0.9 lemur-nchaltonoffdens10000,2.0-0.10,0.90,0
0.8 11.210985094360241 0.7790510092356516 0.9 lemur-nchaltonoffdens10000,2.0-0.10,0.90,0
0.9 11.585806708959721 0.8543777985072903 0.9 lemur-nchaltonoffdens10000,2.0-0.10,0.90,0
1.0 11.448494987491797 0.8533018821876158 0.99 lemur-nchaltonoffdens10000,2.0-0.01,0.99,0
