lambda-u utility-finmean utility-stderrfinmean best-param best-planner
0.0 6.231717559559997 0.1727954159005299 0.0 lemur-haltonoffdens10000,0.9-1.00,0.00,0
0.1 6.829121885929513 0.5781846240946964 0.5 lemur-haltonoffdens10000,0.9-0.50,0.50,0
0.2 7.257550372616664 1.0001019476979844 0.8 lemur-haltonoffdens10000,0.9-0.20,0.80,0
0.3 7.626428213906195 1.4768051718670017 0.8 lemur-haltonoffdens10000,0.9-0.20,0.80,0
0.4 7.995306055195729 1.9572569677668739 0.8 lemur-haltonoffdens10000,0.9-0.20,0.80,0
0.5 8.36418389648526 2.439243299149524 0.8 lemur-haltonoffdens10000,0.9-0.20,0.80,0
0.6 8.733061737774793 2.9220048972195025 0.8 lemur-haltonoffdens10000,0.9-0.20,0.80,0
0.7 9.101939579064323 3.4052120460638995 0.8 lemur-haltonoffdens10000,0.9-0.20,0.80,0
0.8 9.470817420353855 3.8886986576871267 0.8 lemur-haltonoffdens10000,0.9-0.20,0.80,0
0.9 9.808785793690113 3.778958034961627 0.99 lemur-haltonoffdens10000,0.9-0.01,0.99,0
1.0 9.82091401099248 4.197669848368789 0.99 lemur-haltonoffdens10000,0.9-0.01,0.99,0
