lambda-u utility-finmean utility-stderrfinmean best-param best-planner
0.0 4.432619732881601 0.09539217153100354 0.0 lemur-haltonoffdens10000,1.0-1.00,0.00,0
0.1 4.062100546000911 0.08909847896467109 0.0 lemur-haltonoffdens10000,1.0-1.00,0.00,0
0.2 3.6936112510879333 0.08338803801976412 0.2 lemur-haltonoffdens10000,1.0-0.80,0.20,0
0.3 3.3241070101910988 0.07751191194642348 0.2 lemur-haltonoffdens10000,1.0-0.80,0.20,0
0.4 2.938585547102601 0.06782949247338327 0.5 lemur-haltonoffdens10000,1.0-0.50,0.50,0
0.5 2.5635359657912495 0.061115854374013415 0.5 lemur-haltonoffdens10000,1.0-0.50,0.50,0
0.6 2.1884863844799005 0.05460262387537646 0.5 lemur-haltonoffdens10000,1.0-0.50,0.50,0
0.7 1.82364043285126 0.04844123760866224 0.8 lemur-haltonoffdens10000,1.0-0.20,0.80,0
0.8 1.4357200784794402 0.04122136167981277 0.8 lemur-haltonoffdens10000,1.0-0.20,0.80,0
0.9 1.197331439150732 0.05574719521299175 0.99 lemur-haltonoffdens10000,1.0-0.01,0.99,0
1.0 0.66873898983008 0.03228724438930444 0.99 lemur-haltonoffdens10000,1.0-0.01,0.99,0
