lambda-u utility-finmean utility-stderrfinmean best-param best-planner
0.0 8.717898694657201 0.14069216541695742 0.0 lemur-nchaltonoffdens10000,2.0-1.00,0.00,0
0.1 8.598041813318822 0.14508827783885814 0.1 lemur-nchaltonoffdens10000,2.0-0.90,0.10,0
0.2 8.47109294122016 0.14436770539757998 0.2 lemur-nchaltonoffdens10000,2.0-0.80,0.20,0
0.3 8.253437201493137 0.14821526379049865 0.3 lemur-nchaltonoffdens10000,2.0-0.70,0.30,0
0.4 8.053596128727598 0.1517378384092225 0.4 lemur-nchaltonoffdens10000,2.0-0.60,0.40,0
0.5 7.911810313282997 0.17778317576434324 0.5 lemur-nchaltonoffdens10000,2.0-0.50,0.50,0
0.6 7.630588664758879 0.15559969034611543 0.6 lemur-nchaltonoffdens10000,2.0-0.40,0.60,0
0.7 7.34666838349718 0.16692769621789053 0.7 lemur-nchaltonoffdens10000,2.0-0.30,0.70,0
0.8 6.99180534424492 0.16910957226736065 0.8 lemur-nchaltonoffdens10000,2.0-0.20,0.80,0
0.9 6.746882389777279 0.14134777952912447 0.9 lemur-nchaltonoffdens10000,2.0-0.10,0.90,0
1.0 6.182048583030399 0.13634338559394107 0.99 lemur-nchaltonoffdens10000,2.0-0.01,0.99,0
