lambda-u utility-finmean utility-stderrfinmean best-param best-planner
0.0 7.5698786740826005 0.0698644098482656 0.0 lemur-nchaltonoffdens10000,1.0-1.00,0.00,0
0.1 10.687485517501896 1.5747146141991457 0.0 lemur-nchaltonoffdens10000,1.0-1.00,0.00,0
0.2 13.805092360921199 3.156336035022829 0.0 lemur-nchaltonoffdens10000,1.0-1.00,0.00,0
0.3 16.9226992043405 4.7384674933144 0.0 lemur-nchaltonoffdens10000,1.0-1.00,0.00,0
0.4 20.040306047759803 6.32072600053295 0.0 lemur-nchaltonoffdens10000,1.0-1.00,0.00,0
0.5 23.154875635476806 7.50508016708164 0.99 lemur-nchaltonoffdens10000,1.0-0.01,0.99,0
0.6 25.576046425318992 8.996602342441523 0.99 lemur-nchaltonoffdens10000,1.0-0.01,0.99,0
0.7 27.997217215161204 10.488449024134319 0.99 lemur-nchaltonoffdens10000,1.0-0.01,0.99,0
0.8 30.418388005003393 11.980498987347802 0.99 lemur-nchaltonoffdens10000,1.0-0.01,0.99,0
0.9 32.839558794845594 13.472684694223235 0.99 lemur-nchaltonoffdens10000,1.0-0.01,0.99,0
1.0 35.2607295846878 14.964965539025142 0.99 lemur-nchaltonoffdens10000,1.0-0.01,0.99,0
