lambda-u utility-finmean utility-stderrfinmean best-param best-planner
0.0 4.709628938647201 0.05808153309805275 0.0 lemur-nchaltonoffdens10000,0.9-1.00,0.00,0
0.1 5.251387931417281 0.09125240060215936 0.0 lemur-nchaltonoffdens10000,0.9-1.00,0.00,0
0.2 5.907183739298879 0.14064122736264706 0.2 lemur-nchaltonoffdens10000,0.9-0.80,0.20,0
0.3 6.50310023979292 0.1821708080709762 0.2 lemur-nchaltonoffdens10000,0.9-0.80,0.20,0
0.4 6.672924716406319 0.1726334329562233 0.5 lemur-nchaltonoffdens10000,0.9-0.50,0.50,0
0.5 7.1521172868648 0.20182549609113282 0.5 lemur-nchaltonoffdens10000,0.9-0.50,0.50,0
0.6 7.631309857323281 0.23119500860270809 0.5 lemur-nchaltonoffdens10000,0.9-0.50,0.50,0
0.7 6.719931557147601 0.20334447202850106 0.8 lemur-nchaltonoffdens10000,0.9-0.20,0.80,0
0.8 6.958709152518798 0.22491228306706992 0.8 lemur-nchaltonoffdens10000,0.9-0.20,0.80,0
0.9 6.49929425045732 0.16941530000540114 0.99 lemur-nchaltonoffdens10000,0.9-0.01,0.99,0
1.0 6.393730239867601 0.1635230913856128 0.99 lemur-nchaltonoffdens10000,0.9-0.01,0.99,0
